crossing time (s)	slope (V/s)	crossing number
281474976710655.000000	1.716335	10356	427822022656.000000
281474976710655.000000	1.905267	10357	427823071232.000000
281474976710655.000000	1.821144	10358	427824087040.000000
281474976710655.000000	1.767290	10359	427825168384.000000
281474976710655.000000	1.850295	10360	427826151424.000000
281474976710655.000000	1.815171	10361	427827265536.000000
281474976710655.000000	1.902034	10362	427828248576.000000
281474976710655.000000	1.779141	10363	427829329920.000000
281474976710655.000000	2.163126	10364	427830345728.000000
281474976710655.000000	1.720667	10365	427831427072.000000
281474976710655.000000	2.007038	10366	427832442880.000000
281474976710655.000000	1.821285	10367	427833491456.000000
281474976710655.000000	2.199096	10368	427834507264.000000
281474976710655.000000	1.754551	10369	427835588608.000000
281474976710655.000000	2.071819	10370	427836604416.000000
281474976710655.000000	1.742864	10371	427837652992.000000
281474976710655.000000	2.263722	10372	427838701568.000000
281474976710655.000000	1.810176	10373	427839717376.000000
281474976710655.000000	2.144747	10374	427840765952.000000
281474976710655.000000	1.800639	10375	427841814528.000000
281474976710655.000000	2.074024	10376	427842863104.000000
281474976710655.000000	1.893821	10377	427843911680.000000
281474976710655.000000	2.205442	10378	427844960256.000000
281474976710655.000000	1.876282	10379	427845976064.000000
281474976710655.000000	2.106623	10380	427847024640.000000
281474976710655.000000	1.899368	10381	427848073216.000000
281474976710655.000000	2.223500	10382	427849121792.000000
281474976710655.000000	1.943705	10383	427850137600.000000
281474976710655.000000	2.248813	10384	427851218944.000000
281474976710655.000000	1.883031	10385	427852234752.000000
281474976710655.000000	2.154928	10386	427853283328.000000
281474976710655.000000	1.865801	10387	427854331904.000000
281474976710655.000000	2.269965	10388	427855380480.000000
281474976710655.000000	1.897541	10389	427856396288.000000
281474976710655.000000	2.337019	10390	427857444864.000000
281474976710655.000000	1.895125	10391	427858493440.000000
281474976710655.000000	2.265502	10392	427859509248.000000
281474976710655.000000	1.965345	10393	427860590592.000000
281474976710655.000000	2.423032	10394	427861606400.000000
281474976710655.000000	1.954734	10395	427862687744.000000
281474976710655.000000	2.238337	10396	427863670784.000000
281474976710655.000000	2.089101	10397	427864752128.000000
281474976710655.000000	2.302428	10398	427865767936.000000
281474976710655.000000	2.091628	10399	427866849280.000000
281474976710655.000000	2.172741	10400	427867832320.000000
281474976710655.000000	2.223257	10401	427868946432.000000
281474976710655.000000	2.139162	10402	427869929472.000000
281474976710655.000000	2.194463	10403	427871010816.000000
281474976710655.000000	2.201066	10404	427872026624.000000
281474976710655.000000	2.173169	10405	427873107968.000000
281474976710655.000000	2.086507	10406	427874123776.000000
281474976710655.000000	2.442427	10407	427875172352.000000
281474976710655.000000	2.305036	10408	427876188160.000000
281474976710655.000000	2.276160	10409	427877236736.000000
281474976710655.000000	2.215430	10410	427878285312.000000
281474976710655.000000	2.289893	10411	427879333888.000000
281474976710655.000000	2.226480	10412	427880382464.000000
281474976710655.000000	2.474311	10413	427881431040.000000
281474976710655.000000	2.244305	10414	427882446848.000000
281474976710655.000000	2.355098	10415	427883495424.000000
281474976710655.000000	2.290069	10416	427884544000.000000
281474976710655.000000	2.391286	10417	427885592576.000000
281474976710655.000000	2.215578	10418	427886641152.000000
281474976710655.000000	2.507468	10419	427887656960.000000
281474976710655.000000	2.386652	10420	427888705536.000000
281474976710655.000000	2.413611	10421	427889754112.000000
281474976710655.000000	2.294315	10422	427890802688.000000
281474976710655.000000	2.413180	10423	427891818496.000000
281474976710655.000000	2.406467	10424	427892899840.000000
281474976710655.000000	2.445513	10425	427893915648.000000
281474976710655.000000	2.354802	10426	427894964224.000000
281474976710655.000000	2.438795	10427	427896012800.000000
281474976710655.000000	2.370154	10428	427897061376.000000
281474976710655.000000	2.373596	10429	427898077184.000000
281474976710655.000000	2.490893	10430	427899125760.000000
281474976710655.000000	2.538371	10431	427900174336.000000
281474976710655.000000	2.363308	10432	427901222912.000000
281474976710655.000000	2.438161	10433	427902238720.000000
281474976710655.000000	2.516072	10434	427903320064.000000
281474976710655.000000	2.492466	10435	427904335872.000000
281474976710655.000000	2.428627	10436	427905384448.000000
281474976710655.000000	2.616804	10437	427906433024.000000
281474976710655.000000	2.421807	10438	427907481600.000000
281474976710655.000000	2.456804	10439	427908497408.000000
281474976710655.000000	2.608865	10440	427909545984.000000
281474976710655.000000	2.620097	10441	427910594560.000000
281474976710655.000000	2.386295	10442	427911643136.000000
281474976710655.000000	2.555200	10443	427912691712.000000
281474976710655.000000	2.556180	10444	427913740288.000000
281474976710655.000000	2.541643	10445	427914756096.000000
281474976710655.000000	2.600422	10446	427915804672.000000
281474976710655.000000	2.653420	10447	427916853248.000000
281474976710655.000000	2.481629	10448	427917901824.000000
281474976710655.000000	2.883327	10449	427918950400.000000
281474976710655.000000	2.632630	10450	427919966208.000000
281474976710655.000000	2.642509	10451	427921014784.000000
281474976710655.000000	2.565790	10452	427922063360.000000
281474976710655.000000	2.539576	10453	427923111936.000000
281474976710655.000000	2.507296	10454	427924127744.000000
281474976710655.000000	2.677465	10455	427925209088.000000
281474976710655.000000	2.679891	10456	427926224896.000000
281474976710655.000000	2.663281	10457	427927273472.000000
281474976710655.000000	2.558499	10458	427928289280.000000
281474976710655.000000	2.696723	10459	427929370624.000000
281474976710655.000000	2.598590	10460	427930386432.000000
281474976710655.000000	2.554898	10461	427931435008.000000
281474976710655.000000	2.619622	10462	427932450816.000000
281474976710655.000000	2.772923	10463	427933532160.000000
281474976710655.000000	2.951227	10464	427934547968.000000
281474976710655.000000	2.631035	10465	427935629312.000000
281474976710655.000000	2.814193	10466	427936645120.000000
281474976710655.000000	2.579647	10467	427937693696.000000
281474976710655.000000	2.745931	10468	427938709504.000000
281474976710655.000000	2.833716	10469	427939790848.000000
281474976710655.000000	3.050704	10470	427940806656.000000
281474976710655.000000	2.470579	10471	427941855232.000000
281474976710655.000000	2.883152	10472	427942903808.000000
281474976710655.000000	2.706560	10473	427943952384.000000
281474976710655.000000	2.914626	10474	427944968192.000000
281474976710655.000000	2.636101	10475	427946016768.000000
281474976710655.000000	2.959318	10476	427947065344.000000
281474976710655.000000	2.578962	10477	427948113920.000000
281474976710655.000000	2.983023	10478	427949162496.000000
281474976710655.000000	2.707330	10479	427950178304.000000
281474976710655.000000	2.953771	10480	427951226880.000000
281474976710655.000000	2.615847	10481	427952275456.000000
281474976710655.000000	2.929177	10482	427953324032.000000
281474976710655.000000	2.739510	10483	427954372608.000000
281474976710655.000000	3.024026	10484	427955421184.000000
281474976710655.000000	2.537041	10485	427956436992.000000
281474976710655.000000	2.976699	10486	427957485568.000000
281474976710655.000000	2.655276	10487	427958534144.000000
281474976710655.000000	3.086094	10488	427959582720.000000
281474976710655.000000	2.859724	10489	427960598528.000000
281474976710655.000000	3.067564	10490	427961647104.000000
281474976710655.000000	2.677772	10491	427962695680.000000
281474976710655.000000	3.077556	10492	427963744256.000000
281474976710655.000000	2.824553	10493	427964792832.000000
281474976710655.000000	3.255344	10494	427965808640.000000
281474976710655.000000	2.741590	10495	427966889984.000000
281474976710655.000000	3.065334	10496	427967905792.000000
281474976710655.000000	2.923651	10497	427968954368.000000
281474976710655.000000	3.175736	10498	427969970176.000000
281474976710655.000000	2.918200	10499	427971051520.000000
281474976710655.000000	3.163809	10500	427972067328.000000
281474976710655.000000	2.887350	10501	427973148672.000000
281474976710655.000000	3.168417	10502	427974164480.000000
281474976710655.000000	2.905120	10503	427975213056.000000
281474976710655.000000	3.063866	10504	427976228864.000000
281474976710655.000000	3.006196	10505	427977310208.000000
281474976710655.000000	3.080419	10506	427978326016.000000
281474976710655.000000	3.054527	10507	427979374592.000000
281474976710655.000000	3.129128	10508	427980390400.000000
281474976710655.000000	2.978033	10509	427981471744.000000
281474976710655.000000	2.969879	10510	427982487552.000000
281474976710655.000000	3.164127	10511	427983568896.000000
281474976710655.000000	3.152027	10512	427984584704.000000
281474976710655.000000	3.024584	10513	427985633280.000000
281474976710655.000000	2.990658	10514	427986649088.000000
281474976710655.000000	3.042059	10515	427987730432.000000
281474976710655.000000	3.179643	10516	427988746240.000000
281474976710655.000000	3.224265	10517	427989794816.000000
281474976710655.000000	3.113076	10518	427990810624.000000
281474976710655.000000	2.960119	10519	427991891968.000000
281474976710655.000000	2.994346	10520	427992907776.000000
281474976710655.000000	3.230798	10521	427993989120.000000
281474976710655.000000	3.305333	10522	427995004928.000000
281474976710655.000000	3.100317	10523	427996053504.000000
281474976710655.000000	3.023896	10524	427997069312.000000
281474976710655.000000	3.201106	10525	427998150656.000000
281474976710655.000000	3.206781	10526	427999166464.000000
281474976710655.000000	3.229834	10527	428000215040.000000
281474976710655.000000	3.210389	10528	428001230848.000000
281474976710655.000000	3.185339	10529	428002312192.000000
281474976710655.000000	3.173135	10530	428003328000.000000
281474976710655.000000	3.184539	10531	428004409344.000000
281474976710655.000000	3.257123	10532	428005425152.000000
281474976710655.000000	3.181475	10533	428006473728.000000
281474976710655.000000	3.199439	10534	428007489536.000000
281474976710655.000000	3.284427	10535	428008570880.000000
281474976710655.000000	3.416246	10536	428009586688.000000
281474976710655.000000	3.137332	10537	428010668032.000000
281474976710655.000000	3.382439	10538	428011651072.000000
281474976710655.000000	3.303513	10539	428012732416.000000
281474976710655.000000	3.433888	10540	428013748224.000000
281474976710655.000000	3.311191	10541	428014829568.000000
281474976710655.000000	3.585672	10542	428015845376.000000
281474976710655.000000	3.111991	10543	428016893952.000000
281474976710655.000000	3.411305	10544	428017909760.000000
281474976710655.000000	3.448796	10545	428018991104.000000
281474976710655.000000	3.589932	10546	428020006912.000000
281474976710655.000000	3.177537	10547	428021055488.000000
281474976710655.000000	3.578009	10548	428022104064.000000
281474976710655.000000	3.331323	10549	428023152640.000000
281474976710655.000000	3.571501	10550	428024201216.000000
281474976710655.000000	3.417176	10551	428025217024.000000
281474976710655.000000	3.541922	10552	428026265600.000000
281474976710655.000000	3.106427	10553	428027314176.000000
281474976710655.000000	3.585361	10554	428028362752.000000
281474976710655.000000	3.408778	10555	428029411328.000000
281474976710655.000000	3.639574	10556	428030427136.000000
281474976710655.000000	3.296307	10557	428031475712.000000
281474976710655.000000	3.577425	10558	428032524288.000000
281474976710655.000000	3.319879	10559	428033572864.000000
281474976710655.000000	3.694652	10560	428034621440.000000
281474976710655.000000	3.527608	10561	428035637248.000000
281474976710655.000000	3.615881	10562	428036685824.000000
281474976710655.000000	3.244992	10563	428037734400.000000
281474976710655.000000	3.719172	10564	428038782976.000000
281474976710655.000000	3.445522	10565	428039831552.000000
281474976710655.000000	3.773870	10566	428040847360.000000
281474976710655.000000	3.437855	10567	428041895936.000000
281474976710655.000000	3.672188	10568	428042944512.000000
281474976710655.000000	3.436897	10569	428043993088.000000
281474976710655.000000	3.851050	10570	428045041664.000000
281474976710655.000000	3.513309	10571	428046090240.000000
281474976710655.000000	3.757317	10572	428047106048.000000
281474976710655.000000	3.537662	10573	428048154624.000000
281474976710655.000000	3.727001	10574	428049203200.000000
281474976710655.000000	3.515494	10575	428050251776.000000
281474976710655.000000	3.891656	10576	428051267584.000000
281474976710655.000000	3.514404	10577	428052348928.000000
281474976710655.000000	3.810073	10578	428053364736.000000
281474976710655.000000	3.633211	10579	428054413312.000000
281474976710655.000000	3.850047	10580	428055429120.000000
281474976710655.000000	3.657428	10581	428056510464.000000
281474976710655.000000	3.727328	10582	428057526272.000000
281474976710655.000000	3.737826	10583	428058574848.000000
281474976710655.000000	3.797668	10584	428059623424.000000
281474976710655.000000	3.682827	10585	428060672000.000000
281474976710655.000000	3.753734	10586	428061687808.000000
281474976710655.000000	3.694714	10587	428062769152.000000
281474976710655.000000	3.751153	10588	428063784960.000000
281474976710655.000000	3.682954	10589	428064833536.000000
281474976710655.000000	3.818638	10590	428065849344.000000
281474976710655.000000	3.681978	10591	428066930688.000000
281474976710655.000000	3.857931	10592	428067946496.000000
281474976710655.000000	3.780916	10593	428068995072.000000
281474976710655.000000	3.775029	10594	428070043648.000000
281474976710655.000000	3.882374	10595	428071092224.000000
281474976710655.000000	3.905960	10596	428072108032.000000
281474976710655.000000	3.751644	10597	428073189376.000000
281474976710655.000000	3.895229	10598	428074205184.000000
281474976710655.000000	3.828697	10599	428075253760.000000
281474976710655.000000	3.836590	10600	428076269568.000000
281474976710655.000000	3.825560	10601	428077350912.000000
281474976710655.000000	3.967569	10602	428078366720.000000
281474976710655.000000	3.811074	10603	428079448064.000000
281474976710655.000000	3.960714	10604	428080463872.000000
281474976710655.000000	3.765308	10605	428081512448.000000
281474976710655.000000	3.945299	10606	428082528256.000000
281474976710655.000000	3.857542	10607	428083609600.000000
281474976710655.000000	4.094953	10608	428084625408.000000
281474976710655.000000	3.754368	10609	428085673984.000000
281474976710655.000000	4.021904	10610	428086689792.000000
281474976710655.000000	4.050821	10611	428087771136.000000
281474976710655.000000	4.087062	10612	428088786944.000000
281474976710655.000000	3.514908	10613	428089868288.000000
281474976710655.000000	4.259336	10614	428090884096.000000
281474976710655.000000	3.825529	10615	428091932672.000000
281474976710655.000000	4.167408	10616	428092981248.000000
281474976710655.000000	3.998095	10617	428093997056.000000
281474976710655.000000	4.193747	10618	428095045632.000000
281474976710655.000000	3.689240	10619	428096094208.000000
281474976710655.000000	4.141845	10620	428097142784.000000
281474976710655.000000	4.041857	10621	428098191360.000000
281474976710655.000000	4.212747	10622	428099207168.000000
281474976710655.000000	3.888894	10623	428100255744.000000
281474976710655.000000	4.102698	10624	428101304320.000000
281474976710655.000000	3.801763	10625	428102352896.000000
281474976710655.000000	4.245619	10626	428103401472.000000
281474976710655.000000	4.158340	10627	428104417280.000000
281474976710655.000000	4.140598	10628	428105465856.000000
281474976710655.000000	3.895596	10629	428106514432.000000
281474976710655.000000	4.218185	10630	428107563008.000000
281474976710655.000000	3.929410	10631	428108611584.000000
281474976710655.000000	4.316590	10632	428109660160.000000
281474976710655.000000	4.069874	10633	428110675968.000000
281474976710655.000000	4.175861	10634	428111724544.000000
281474976710655.000000	4.007926	10635	428112773120.000000
281474976710655.000000	4.325135	10636	428113821696.000000
281474976710655.000000	4.112364	10637	428114870272.000000
281474976710655.000000	4.474646	10638	428115886080.000000
281474976710655.000000	4.033151	10639	428116934656.000000
281474976710655.000000	4.245507	10640	428117983232.000000
281474976710655.000000	4.267286	10641	428119031808.000000
281474976710655.000000	4.411716	10642	428120047616.000000
281474976710655.000000	4.142826	10643	428121128960.000000
281474976710655.000000	4.428793	10644	428122144768.000000
281474976710655.000000	4.120423	10645	428123193344.000000
281474976710655.000000	4.385259	10646	428124209152.000000
