num crossings	time (s)	maj axis (mm)	min axis (mm)	theta (rad )	slope (V/s)
10353	427817.729290	34.508872	16.480624	-0.327758	1.758949
10355	427819.790988	34.603541	16.411210	-0.321945	2.801803
10357	427821.885860	37.048706	10.910553	-0.251108	1.018270
10359	427823.964591	34.957834	16.292826	-0.328452	2.603260
10361	427826.032038	35.948194	16.030067	-0.394027	1.994726
10363	427828.117033	34.655894	15.891326	-0.331973	1.403198
10365	427830.207581	30.636861	12.605782	-0.319876	2.624056
10367	427832.298374	34.975586	16.200168	-0.305053	1.593837
10369	427834.378660	34.055132	16.267836	-0.313773	2.310933
10371	427836.473993	34.525099	15.846270	-0.320041	1.598750
10373	427838.566932	34.520397	16.028831	-0.319175	1.901827
10375	427840.647003	34.934593	15.317799	-0.336288	2.442538
10377	427842.740823	34.688130	15.733704	-0.321182	1.335303
10379	427844.818994	34.980393	15.804930	-0.322136	2.230978
10381	427846.908382	37.034911	15.818837	-0.419374	2.110665
10383	427848.993962	34.764853	15.171396	-0.335687	1.605578
10385	427851.071675	35.054204	15.553865	-0.323212	2.584290
10387	427853.159631	37.739195	15.679735	-0.430602	1.957415
10389	427855.241408	35.040606	14.913197	-0.324433	1.640950
10391	427857.314675	35.289297	15.306165	-0.321039	2.517199
10393	427859.392840	35.311096	15.184776	-0.324188	2.014204
10395	427861.473501	35.172993	14.674142	-0.339649	2.481132
10397	427863.553026	35.368780	15.231758	-0.333355	1.715673
10399	427865.633436	35.341476	14.977452	-0.329712	2.726354
10401	427867.717263	32.951452	13.208730	-0.319944	2.281305
10403	427869.813141	35.258142	14.527294	-0.332035	2.255465
10405	427871.888503	34.670733	10.289318	-0.288207	2.406982
10407	427873.988787	35.988749	14.775914	-0.328965	2.307237
10409	427876.068799	35.819063	14.722998	-0.330149	2.618765
10411	427878.155660	36.876734	14.583814	-0.406097	2.139221
10413	427880.243101	35.749127	14.241363	-0.327308	2.414944
10415	427882.328750	36.157883	14.276235	-0.321347	2.731000
10417	427884.418528	36.311173	14.528052	-0.327109	2.267250
10419	427886.508021	37.508183	14.335760	-0.393420	2.685545
10421	427888.584813	36.503153	14.097989	-0.321700	2.834744
10423	427890.670712	41.790415	8.288534	-0.296671	2.520983
10425	427892.757084	36.141851	14.282211	-0.317951	2.593363
10427	427894.843369	32.000328	10.625116	-0.284699	2.585531
10429	427896.924680	36.265316	14.133531	-0.322790	2.676861
10431	427899.009204	36.210262	14.120863	-0.320068	2.401988
10433	427901.092753	36.293247	14.074461	-0.320687	2.707430
10435	427903.174823	39.074176	8.994515	-0.332173	2.573149
10437	427905.263927	38.716928	14.570030	-0.414115	2.594355
10439	427907.342217	36.919881	13.961048	-0.329301	2.862152
10441	427909.426248	36.913274	13.870778	-0.335016	2.476449
10443	427911.513074	36.632183	13.714679	-0.324187	2.864010
10445	427913.593491	36.713403	13.453679	-0.323958	2.725606
10447	427915.677501	36.803195	13.684978	-0.332567	2.384055
10449	427917.756097	38.664591	14.485888	-0.423595	2.933345
10451	427919.838431	37.246953	13.365756	-0.317343	3.185373
10453	427921.922308	32.837934	6.960243	-0.328260	2.639229
10455	427924.003039	40.466677	14.892335	-0.435274	2.680948
10457	427926.087666	36.974179	13.175296	-0.324369	2.851086
10459	427928.164951	35.892022	13.180532	-0.328469	2.636868
10461	427930.248818	35.788286	8.489296	-0.298554	3.020402
10463	427932.329741	38.538372	13.127944	-0.388063	2.859332
10465	427934.414593	38.698034	13.029606	-0.379953	2.864649
10467	427936.504683	37.017861	13.107215	-0.315776	2.882791
10469	427938.587308	37.882910	13.163577	-0.321523	2.574082
10471	427940.674151	37.157274	12.992242	-0.317994	3.109892
10473	427942.765276	35.782928	11.456539	-0.298603	2.323466
10475	427944.848783	37.075749	12.891104	-0.318793	2.988967
10477	427946.938799	37.135495	13.051543	-0.313530	2.602845
10479	427949.027400	39.106080	12.660506	-0.397383	2.537186
10481	427951.111798	37.425473	12.745433	-0.319521	2.938538
10483	427953.197906	38.735647	11.688108	-0.269099	2.470588
10485	427955.281520	37.532499	12.577019	-0.316801	2.986223
10487	427957.366436	37.474509	12.565504	-0.311967	2.407113
10489	427959.449042	37.713634	12.577841	-0.316660	2.620651
10491	427961.530908	36.707693	11.527709	-0.279980	3.242047
10493	427963.613097	39.430053	12.250838	-0.396538	2.654598
10495	427965.693487	38.412990	12.742990	-0.312748	2.995221
10497	427967.771558	38.055483	12.264436	-0.319167	2.786594
10499	427969.852065	37.834130	11.944960	-0.329470	3.064176
10501	427971.934076	40.432444	9.648908	-0.305365	2.992880
10503	427974.017784	38.017227	12.124041	-0.320042	3.068018
10505	427976.101438	38.226115	12.115330	-0.317880	2.918183
10507	427978.185471	38.507924	12.174095	-0.326785	3.123252
10509	427980.268192	41.369640	13.046324	-0.409548	3.169682
10511	427982.356056	37.245438	11.686987	-0.321936	3.030616
10513	427984.439577	37.848079	8.627449	-0.294074	3.296836
10515	427986.522785	42.171112	12.707901	-0.402364	2.920029
10517	427988.612951	38.503920	11.786915	-0.314358	3.154317
10519	427990.695369	38.517770	11.773899	-0.316294	3.578071
10521	427992.780695	38.870074	6.494880	-0.288306	3.020514
10523	427994.863410	38.748446	11.622270	-0.314065	3.269464
10525	427996.947002	38.682232	11.633366	-0.312718	3.185490
10527	427999.032981	42.905891	5.792837	-0.298145	3.162732
10529	428001.115346	38.888271	11.539323	-0.313816	3.344486
10531	428003.198525	37.987715	9.240627	-0.311606	3.356905
10533	428005.283869	38.905203	11.408899	-0.313768	3.374561
10535	428007.362638	40.074340	9.171822	-0.295714	3.272247
10537	428009.451714	39.353516	11.117002	-0.319363	3.712129
10539	428011.535567	37.140710	9.997535	-0.309786	3.251108
10541	428013.618069	39.081462	11.229494	-0.313595	3.339306
10543	428015.707065	39.656533	10.934856	-0.312160	3.407032
10545	428017.793414	39.097503	10.886921	-0.316867	3.187071
10547	428019.877694	38.583123	11.178679	-0.309762	3.891543
10549	428021.968098	39.293138	10.969782	-0.310448	3.235599
10551	428024.054881	39.608455	11.141614	-0.311123	3.562598
10553	428026.139579	41.643022	10.775461	-0.387891	3.560181
10555	428028.227965	39.512919	10.561724	-0.315953	2.953211
10557	428030.310702	39.635000	10.477949	-0.324236	3.611797
10559	428032.397118	40.174414	10.946920	-0.312430	3.636895
10561	428034.482659	39.378442	10.932453	-0.311487	3.385731
10563	428036.565395	42.243772	10.514680	-0.387259	3.687901
10565	428038.648783	39.896210	10.640413	-0.309932	3.166171
10567	428040.731128	39.990383	10.591505	-0.308964	3.583109
10569	428042.812041	39.788073	10.197468	-0.317511	3.523065
10571	428044.894576	34.716643	10.792846	-0.330873	3.480009
10573	428046.975879	40.731807	10.470304	-0.318665	3.845513
10575	428049.057814	42.418837	10.343638	-0.378360	3.600028
10577	428051.140122	40.341094	10.305007	-0.311371	3.688647
10579	428053.223699	39.996379	9.971295	-0.322107	3.572864
10581	428055.306763	40.268301	10.483681	-0.301404	3.713032
10583	428057.392056	40.449202	10.158240	-0.310575	3.622416
10585	428059.476387	40.511690	10.153306	-0.309291	4.095054
10587	428061.560284	40.538800	6.895654	-0.306299	3.699810
10589	428063.646442	41.513335	10.015267	-0.317553	3.547347
10591	428065.729204	40.702049	9.999552	-0.307127	3.732492
10593	428067.813771	39.915449	8.241883	-0.300600	3.917786
10595	428069.898110	42.889188	9.796471	-0.368042	3.889569
10597	428071.980442	40.757958	10.220656	-0.297323	3.996804
10599	428074.067671	41.021314	9.658924	-0.307929	3.817017
10601	428076.150100	40.521509	9.678082	-0.308651	4.177455
10603	428078.236036	44.143123	5.647500	-0.307424	4.153281
10605	428080.320518	41.175658	9.728783	-0.304117	3.867078
10607	428082.403447	40.239155	6.861578	-0.308796	3.829983
10609	428084.490394	41.241308	9.641926	-0.303744	3.896715
10611	428086.571115	40.778912	7.487864	-0.303617	4.173562
10613	428088.660070	41.498373	9.605740	-0.303585	4.258210
10615	428090.750147	41.588046	9.551659	-0.304943	3.640611
10617	428092.836449	41.258388	9.194964	-0.308425	3.931806
10619	428094.920790	42.088759	9.586060	-0.301505	4.093919
10621	428097.008145	41.770022	9.052118	-0.304141	3.678952
10623	428099.091712	41.025427	8.365518	-0.285235	4.142444
10625	428101.178225	42.160291	9.013246	-0.303515	3.818852
10627	428103.263562	42.263618	9.396668	-0.301597	3.775579
10629	428105.347184	44.625152	9.586648	-0.380639	4.354091
10631	428107.430611	41.905040	9.140738	-0.300986	3.989197
10633	428109.514884	42.309298	9.241011	-0.301536	3.879044
10635	428111.597626	42.113915	9.060463	-0.299936	4.121741
10637	428113.680044	42.217760	9.043802	-0.299976	4.037013
10639	428115.761603	42.272252	8.677797	-0.307724	4.384949
10641	428117.844753	43.018837	9.153167	-0.295913	4.003117
10643	428119.926318	41.081159	9.211728	-0.298011	4.355961
10645	428122.009787	42.513818	8.789594	-0.301634	4.281909
