crossing time (s)	slope (V/s)	crossing number
281474976710655.000000	7.504803	953	0.000000
281474976710655.000000	7.304153	954	0.000000
281474976710655.000000	7.000089	955	0.000000
281474976710655.000000	6.923714	956	0.000000
281474976710655.000000	7.695462	957	0.000000
281474976710655.000000	7.499754	958	0.000000
281474976710655.000000	7.052336	959	0.000000
281474976710655.000000	6.852654	960	0.000000
281474976710655.000000	6.763782	961	0.000000
281474976710655.000000	6.841070	962	0.000000
281474976710655.000000	7.200874	963	0.000000
281474976710655.000000	6.336525	964	0.000000
281474976710655.000000	6.587940	965	0.000000
281474976710655.000000	7.561082	966	0.000000
281474976710655.000000	7.068372	967	0.000000
281474976710655.000000	6.868950	968	0.000000
281474976710655.000000	6.699156	969	0.000000
281474976710655.000000	6.992047	970	0.000000
281474976710655.000000	7.684675	971	0.000000
281474976710655.000000	7.386075	972	0.000000
281474976710655.000000	6.788411	973	0.000000
281474976710655.000000	6.629522	974	0.000000
281474976710655.000000	7.279474	975	0.000000
281474976710655.000000	7.266523	976	0.000000
281474976710655.000000	7.178443	977	0.000000
281474976710655.000000	6.674943	978	0.000000
281474976710655.000000	6.949988	979	0.000000
281474976710655.000000	7.239523	980	0.000000
281474976710655.000000	6.875933	981	0.000000
281474976710655.000000	6.464293	982	0.000000
281474976710655.000000	6.594780	983	0.000000
281474976710655.000000	7.008030	984	0.000000
281474976710655.000000	6.750578	985	0.000000
281474976710655.000000	6.925439	986	0.000000
281474976710655.000000	6.999377	987	0.000000
281474976710655.000000	7.193428	988	0.000000
281474976710655.000000	6.955385	989	0.000000
281474976710655.000000	6.705686	990	0.000000
281474976710655.000000	6.976283	991	0.000000
281474976710655.000000	6.622025	992	0.000000
281474976710655.000000	6.668790	993	0.000000
281474976710655.000000	6.602115	994	0.000000
281474976710655.000000	6.576497	995	0.000000
281474976710655.000000	6.932334	996	0.000000
281474976710655.000000	6.696750	997	0.000000
281474976710655.000000	6.624151	998	0.000000
281474976710655.000000	6.694122	999	0.000000
281474976710655.000000	6.514600	1000	0.000000
281474976710655.000000	6.928649	1001	0.000000
281474976710655.000000	6.572998	1002	0.000000
281474976710655.000000	6.603432	1003	0.000000
281474976710655.000000	6.613658	1004	0.000000
281474976710655.000000	6.513565	1005	0.000000
281474976710655.000000	6.923530	1006	0.000000
281474976710655.000000	6.586940	1007	0.000000
281474976710655.000000	6.839962	1008	0.000000
281474976710655.000000	6.557795	1009	0.000000
281474976710655.000000	6.587769	1010	0.000000
281474976710655.000000	6.527565	1011	0.000000
281474976710655.000000	6.770308	1012	0.000000
281474976710655.000000	6.732096	1013	0.000000
281474976710655.000000	6.657738	1014	0.000000
281474976710655.000000	6.429992	1015	0.000000
281474976710655.000000	6.450603	1016	0.000000
281474976710655.000000	6.447116	1017	0.000000
281474976710655.000000	6.342707	1018	0.000000
281474976710655.000000	6.465780	1019	0.000000
281474976710655.000000	6.417946	1020	0.000000
281474976710655.000000	6.344417	1021	0.000000
281474976710655.000000	6.691661	1022	0.000000
281474976710655.000000	6.307132	1023	0.000000
281474976710655.000000	6.531938	1024	0.000000
281474976710655.000000	6.156585	1025	0.000000
281474976710655.000000	6.457369	1026	0.000000
281474976710655.000000	6.446209	1027	0.000000
281474976710655.000000	6.478785	1028	0.000000
281474976710655.000000	6.485833	1029	0.000000
281474976710655.000000	6.215832	1030	0.000000
281474976710655.000000	6.467912	1031	0.000000
281474976710655.000000	6.183650	1032	0.000000
281474976710655.000000	6.297556	1033	0.000000
281474976710655.000000	6.503472	1034	0.000000
281474976710655.000000	6.346018	1035	0.000000
281474976710655.000000	6.426748	1036	0.000000
281474976710655.000000	6.355851	1037	0.000000
281474976710655.000000	6.297497	1038	0.000000
281474976710655.000000	6.502384	1039	0.000000
281474976710655.000000	6.237189	1040	0.000000
281474976710655.000000	6.404315	1041	0.000000
281474976710655.000000	6.328627	1042	0.000000
281474976710655.000000	6.368467	1043	0.000000
281474976710655.000000	6.202393	1044	0.000000
281474976710655.000000	6.192482	1045	0.000000
281474976710655.000000	6.281670	1046	0.000000
281474976710655.000000	6.285131	1047	0.000000
281474976710655.000000	6.306141	1048	0.000000
281474976710655.000000	6.010459	1049	0.000000
281474976710655.000000	6.285119	1050	0.000000
281474976710655.000000	6.241669	1051	0.000000
281474976710655.000000	6.164742	1052	0.000000
281474976710655.000000	6.453074	1053	0.000000
281474976710655.000000	5.957481	1054	0.000000
281474976710655.000000	6.333364	1055	0.000000
281474976710655.000000	6.230600	1056	0.000000
281474976710655.000000	6.222676	1057	0.000000
281474976710655.000000	6.370845	1058	0.000000
281474976710655.000000	6.365783	1059	0.000000
281474976710655.000000	6.065235	1060	0.000000
281474976710655.000000	6.218540	1061	0.000000
281474976710655.000000	6.201617	1062	0.000000
281474976710655.000000	6.367759	1063	0.000000
281474976710655.000000	6.323280	1064	0.000000
281474976710655.000000	6.063023	1065	0.000000
281474976710655.000000	6.343258	1066	0.000000
281474976710655.000000	6.195394	1067	0.000000
281474976710655.000000	6.249815	1068	0.000000
281474976710655.000000	6.105329	1069	0.000000
281474976710655.000000	6.016984	1070	0.000000
281474976710655.000000	6.088931	1071	0.000000
281474976710655.000000	5.977024	1072	0.000000
281474976710655.000000	6.146172	1073	0.000000
281474976710655.000000	6.094036	1074	0.000000
281474976710655.000000	6.037169	1075	0.000000
281474976710655.000000	6.065800	1076	0.000000
281474976710655.000000	6.051667	1077	0.000000
281474976710655.000000	6.074659	1078	0.000000
281474976710655.000000	6.147501	1079	0.000000
281474976710655.000000	6.047941	1080	0.000000
281474976710655.000000	6.089838	1081	0.000000
281474976710655.000000	6.251750	1082	0.000000
281474976710655.000000	6.084926	1083	0.000000
281474976710655.000000	5.853853	1084	0.000000
281474976710655.000000	6.297051	1085	0.000000
281474976710655.000000	5.981733	1086	0.000000
281474976710655.000000	6.119462	1087	0.000000
281474976710655.000000	5.886780	1088	0.000000
281474976710655.000000	5.848483	1089	0.000000
281474976710655.000000	5.978167	1090	0.000000
281474976710655.000000	6.063447	1091	0.000000
281474976710655.000000	6.003709	1092	0.000000
281474976710655.000000	6.102949	1093	0.000000
281474976710655.000000	5.903887	1094	0.000000
281474976710655.000000	6.100349	1095	0.000000
281474976710655.000000	6.205314	1096	0.000000
281474976710655.000000	6.057554	1097	0.000000
281474976710655.000000	5.864131	1098	0.000000
281474976710655.000000	5.990741	1099	0.000000
281474976710655.000000	6.091327	1100	0.000000
281474976710655.000000	6.090639	1101	0.000000
281474976710655.000000	5.973753	1102	0.000000
281474976710655.000000	6.061651	1103	0.000000
281474976710655.000000	5.918859	1104	0.000000
281474976710655.000000	5.923664	1105	0.000000
281474976710655.000000	5.901309	1106	0.000000
281474976710655.000000	6.064738	1107	0.000000
281474976710655.000000	5.812778	1108	0.000000
281474976710655.000000	5.797862	1109	0.000000
281474976710655.000000	5.908545	1110	0.000000
281474976710655.000000	5.896507	1111	0.000000
281474976710655.000000	5.839230	1112	0.000000
281474976710655.000000	6.083974	1113	0.000000
281474976710655.000000	5.932457	1114	0.000000
281474976710655.000000	5.821410	1115	0.000000
281474976710655.000000	5.547197	1116	0.000000
281474976710655.000000	5.856522	1117	0.000000
281474976710655.000000	5.870174	1118	0.000000
281474976710655.000000	5.772712	1119	0.000000
281474976710655.000000	5.927177	1120	0.000000
281474976710655.000000	5.704445	1121	0.000000
281474976710655.000000	5.669568	1122	0.000000
281474976710655.000000	5.700128	1123	0.000000
281474976710655.000000	5.911488	1124	0.000000
281474976710655.000000	5.668242	1125	0.000000
281474976710655.000000	5.749673	1126	0.000000
281474976710655.000000	5.816926	1127	0.000000
281474976710655.000000	5.851279	1128	0.000000
281474976710655.000000	5.935187	1129	0.000000
281474976710655.000000	5.954516	1130	0.000000
281474976710655.000000	5.768154	1131	0.000000
281474976710655.000000	5.564537	1132	0.000000
281474976710655.000000	5.686919	1133	0.000000
281474976710655.000000	5.705877	1134	0.000000
281474976710655.000000	5.796898	1135	0.000000
281474976710655.000000	5.614472	1136	0.000000
281474976710655.000000	5.846668	1137	0.000000
281474976710655.000000	5.876737	1138	0.000000
281474976710655.000000	5.550581	1139	0.000000
281474976710655.000000	5.853179	1140	0.000000
281474976710655.000000	5.418108	1141	0.000000
281474976710655.000000	5.776546	1142	0.000000
281474976710655.000000	5.817495	1143	0.000000
281474976710655.000000	5.733057	1144	0.000000
281474976710655.000000	5.850042	1145	0.000000
281474976710655.000000	5.628449	1146	0.000000
281474976710655.000000	5.589830	1147	0.000000
281474976710655.000000	5.703385	1148	0.000000
281474976710655.000000	5.669399	1149	0.000000
281474976710655.000000	5.622539	1150	0.000000
281474976710655.000000	5.657367	1151	0.000000
281474976710655.000000	5.935432	1152	0.000000
281474976710655.000000	5.781119	1153	0.000000
281474976710655.000000	5.557154	1154	0.000000
281474976710655.000000	5.440491	1155	0.000000
281474976710655.000000	5.639906	1156	0.000000
281474976710655.000000	5.499522	1157	0.000000
281474976710655.000000	5.391836	1158	0.000000
281474976710655.000000	5.485499	1159	0.000000
281474976710655.000000	5.317179	1160	0.000000
281474976710655.000000	5.521969	1161	0.000000
281474976710655.000000	5.520804	1162	0.000000
281474976710655.000000	5.631852	1163	0.000000
281474976710655.000000	5.507614	1164	0.000000
281474976710655.000000	5.561865	1165	0.000000
281474976710655.000000	5.682651	1166	0.000000
281474976710655.000000	5.544127	1167	0.000000
281474976710655.000000	5.687346	1168	0.000000
281474976710655.000000	5.596364	1169	0.000000
281474976710655.000000	5.499170	1170	0.000000
281474976710655.000000	5.586218	1171	0.000000
281474976710655.000000	5.527370	1172	0.000000
281474976710655.000000	5.486014	1173	0.000000
281474976710655.000000	5.508823	1174	0.000000
281474976710655.000000	5.645943	1175	0.000000
281474976710655.000000	5.341820	1176	0.000000
281474976710655.000000	5.520689	1177	0.000000
281474976710655.000000	5.423050	1178	0.000000
281474976710655.000000	5.613581	1179	0.000000
281474976710655.000000	5.715612	1180	0.000000
281474976710655.000000	5.488595	1181	0.000000
281474976710655.000000	5.525258	1182	0.000000
281474976710655.000000	5.511626	1183	0.000000
281474976710655.000000	5.421961	1184	0.000000
281474976710655.000000	5.518038	1185	0.000000
281474976710655.000000	5.521234	1186	0.000000
281474976710655.000000	5.437025	1187	0.000000
281474976710655.000000	5.327229	1188	0.000000
281474976710655.000000	5.361888	1189	0.000000
281474976710655.000000	5.304390	1190	0.000000
281474976710655.000000	5.372681	1191	0.000000
281474976710655.000000	5.331141	1192	0.000000
281474976710655.000000	5.583844	1193	0.000000
281474976710655.000000	5.304179	1194	0.000000
281474976710655.000000	5.434401	1195	0.000000
281474976710655.000000	5.368835	1196	0.000000
281474976710655.000000	5.534800	1197	0.000000
281474976710655.000000	5.200490	1198	0.000000
281474976710655.000000	5.294464	1199	0.000000
281474976710655.000000	5.348975	1200	0.000000
281474976710655.000000	5.206180	1201	0.000000
281474976710655.000000	5.457014	1202	0.000000
281474976710655.000000	5.300783	1203	0.000000
281474976710655.000000	5.325006	1204	0.000000
281474976710655.000000	5.332078	1205	0.000000
281474976710655.000000	5.393888	1206	0.000000
281474976710655.000000	5.207651	1207	0.000000
281474976710655.000000	5.260257	1208	0.000000
281474976710655.000000	5.364573	1209	0.000000
281474976710655.000000	5.425497	1210	0.000000
281474976710655.000000	5.388774	1211	0.000000
281474976710655.000000	5.234836	1212	0.000000
281474976710655.000000	5.227467	1213	0.000000
281474976710655.000000	5.240548	1214	0.000000
281474976710655.000000	5.219379	1215	0.000000
281474976710655.000000	5.197246	1216	0.000000
281474976710655.000000	5.224322	1217	0.000000
281474976710655.000000	5.466143	1218	0.000000
281474976710655.000000	5.273063	1219	0.000000
281474976710655.000000	5.331130	1220	0.000000
281474976710655.000000	5.290300	1221	0.000000
281474976710655.000000	5.118997	1222	0.000000
281474976710655.000000	5.147180	1223	0.000000
281474976710655.000000	5.268151	1224	0.000000
281474976710655.000000	5.130544	1225	0.000000
281474976710655.000000	5.071359	1226	0.000000
281474976710655.000000	5.163935	1227	0.000000
281474976710655.000000	5.053566	1228	0.000000
281474976710655.000000	5.217116	1229	0.000000
281474976710655.000000	4.995593	1230	0.000000
281474976710655.000000	5.109088	1231	0.000000
281474976710655.000000	5.285017	1232	0.000000
281474976710655.000000	5.087005	1233	0.000000
281474976710655.000000	5.033476	1234	0.000000
281474976710655.000000	5.088491	1235	0.000000
281474976710655.000000	5.099225	1236	0.000000
281474976710655.000000	5.248042	1237	0.000000
281474976710655.000000	5.150099	1238	0.000000
281474976710655.000000	5.020659	1239	0.000000
281474976710655.000000	5.044091	1240	0.000000
281474976710655.000000	5.096884	1241	0.000000
281474976710655.000000	5.145087	1242	0.000000
281474976710655.000000	5.059186	1243	0.000000
281474976710655.000000	5.050946	1244	0.000000
281474976710655.000000	5.058787	1245	0.000000
281474976710655.000000	5.169562	1246	0.000000
281474976710655.000000	5.006310	1247	0.000000
281474976710655.000000	5.027411	1248	0.000000
281474976710655.000000	5.011625	1249	0.000000
