time (s)	energy (uJ)	charge (mC)	voltage (mV)	crossing#mod 255
8813.516289	15.184163	0.035934	0.422559	232
8814.502127	37.774315	0.035934	1.051200	233
8815.621660	16.501736	0.035935	0.459206	234
8816.577440	44.257450	0.035936	1.231556	235
8817.678364	14.985626	0.035935	0.417015	236
8818.671817	36.244026	0.035934	1.008618	237
8819.747921	21.126085	0.035936	0.587887	238
8820.754967	39.738838	0.035934	1.105882	239
8821.854040	12.385419	0.035934	0.344673	240
8822.839743	38.043026	0.035932	1.058744	241
8823.922106	23.661236	0.035938	0.658396	242
8824.909385	39.045036	0.035933	1.086592	243
8826.017093	17.182032	0.035933	0.478169	244
8826.987815	43.361149	0.035936	1.206629	245
8828.133021	17.886881	0.035939	0.497706	246
8829.082581	38.972858	0.035934	1.084568	247
8830.180155	17.845646	0.035938	0.496567	248
8831.178656	42.147568	0.035935	1.172875	249
8832.274122	19.168402	0.035934	0.533430	250
8833.266076	37.568993	0.035937	1.045404	251
8834.355205	20.796206	0.035933	0.578755	252
8835.350522	38.681046	0.035938	1.076322	253
8837.470891	-168.655380	0.035937	-4.693073	254
8837.470891	179.386932	0.035937	4.991694	255
8838.521529	22.444773	0.035936	0.624582	0
8839.506869	37.741997	0.035935	1.050295	1
8840.605779	23.169785	0.035933	0.644809	2
8841.612973	39.213657	0.035936	1.091207	3
8842.373816	14.203584	0.035932	0.395288	4
8843.672502	40.057190	0.035932	1.114813	5
8844.777666	21.698460	0.035932	0.603877	6
8845.753501	39.307171	0.035937	1.093776	7
8846.864362	22.823669	0.035932	0.635184	8
8847.822631	43.957359	0.035932	1.223345	9
8848.954018	459.204681	0.035932	12.779793	10
8849.929583	38.736111	0.035931	1.078069	11
8851.033689	23.226822	0.035938	0.646311	12
8852.012735	37.915394	0.035931	1.055236	13
8853.112710	23.436792	0.035936	0.652189	14
8854.075260	45.367100	0.035935	1.262480	15
8855.212034	26.081642	0.035935	0.725791	16
8856.188628	38.535744	0.035935	1.072367	17
8857.270370	23.451494	0.035932	0.652660	18
8858.272939	40.428997	0.035933	1.125135	19
8859.370420	20.438923	0.035933	0.568803	20
8860.354255	40.905937	0.035932	1.138437	21
8861.279201	52.967136	0.035931	1.474116	22
8862.431285	40.920605	0.035933	1.138806	23
8863.526434	23.234694	0.035933	0.646616	24
8864.520136	39.220371	0.035934	1.091455	25
8865.618074	22.649050	0.035937	0.630245	26
8866.600003	38.978466	0.035936	1.084674	27
8867.692176	26.332968	0.035934	0.732815	28
8868.683279	36.077080	0.035935	1.003942	29
8869.782473	24.714928	0.035935	0.687764	30
8870.771022	38.492565	0.035934	1.071188	31
8871.872245	25.882683	0.035935	0.720265	32
8872.854795	40.228813	0.035932	1.119585	33
8873.945550	23.807419	0.035936	0.662503	34
8874.945250	39.099365	0.035934	1.088101	35
8875.992366	32.882851	0.035934	0.915085	36
8877.028212	39.304436	0.035933	1.093814	37
8878.114448	23.432352	0.035937	0.652044	38
8879.109022	39.936161	0.035935	1.111349	39
8880.201463	23.139099	0.035937	0.643883	40
8881.201165	38.593826	0.035934	1.074015	41
8882.287971	22.950172	0.035937	0.638614	42
8883.272683	41.289677	0.035935	1.148995	43
8884.368933	23.266485	0.035936	0.647441	44
8885.357452	40.404903	0.035937	1.124336	45
8886.456999	24.170990	0.035933	0.672677	46
8887.444420	40.200928	0.035933	1.118767	47
8888.538003	23.662622	0.035937	0.658446	48
8889.533273	38.444279	0.035934	1.069864	49
8890.593416	30.326857	0.035934	0.843970	50
8891.612306	39.503597	0.035937	1.099258	51
8892.704303	24.401030	0.035938	0.678984	52
8893.695548	38.328594	0.035933	1.066654	53
8894.786711	24.111683	0.035933	0.671011	54
8895.786605	36.145004	0.035932	1.005922	55
8896.872447	25.789335	0.035937	0.717628	56
8897.870380	35.589745	0.035935	0.990385	57
8898.960755	26.289455	0.035936	0.731559	58
8899.941967	37.725296	0.035933	1.049869	59
8901.045342	24.313093	0.035934	0.676603	60
8902.040666	36.390278	0.035937	1.012627	61
8903.160141	21.628868	0.035934	0.601900	62
8904.106696	39.272205	0.035938	1.092763	63
8905.205989	25.279173	0.035933	0.703500	64
8906.199616	38.062561	0.035935	1.059205	65
8907.294517	24.159832	0.035933	0.672359	66
8908.304823	36.011223	0.035937	1.002071	67
8909.375218	25.234058	0.035934	0.702224	68
8910.365963	38.475418	0.035933	1.070766	69
8911.457133	25.786045	0.035931	0.717647	70
8912.453528	38.009701	0.035933	1.057789	71
8913.553750	25.471766	0.035939	0.708757	72
8914.551655	35.329613	0.035938	0.983062	73
8915.627901	26.079653	0.035938	0.725679	74
8916.618290	37.085503	0.035936	1.031979	75
8917.711165	26.143702	0.035932	0.727579	76
8918.691715	39.932804	0.035934	1.111296	77
8919.794697	26.901234	0.035935	0.748617	78
8920.792396	34.113823	0.035937	0.949271	79
8921.881775	26.484623	0.035939	0.736935	80
8922.876023	35.890381	0.035934	0.998784	81
8923.959403	16.573343	0.035934	0.461222	82
8924.947349	36.984413	0.035933	1.029249	83
8926.032697	33.253696	0.035937	0.925343	84
8927.026231	39.245590	0.035934	1.092146	85
8928.130283	26.518534	0.035932	0.738011	86
8929.173551	24.687061	0.035932	0.687042	87
8930.354204	9.723245	0.035936	0.270572	88
8931.204365	37.800404	0.035937	1.051861	89
8932.279938	29.766125	0.035932	0.828398	90
8933.281578	39.718540	0.035933	1.105346	91
8934.393081	24.471413	0.035934	0.681011	92
8935.367977	37.781075	0.035932	1.051453	93
8936.515297	18.964746	0.035933	0.527783	94
8937.449667	35.972549	0.035935	1.001057	95
8938.552050	25.727896	0.035933	0.715992	96
8939.538991	35.358181	0.035934	0.983982	97
8940.647034	25.486994	0.035935	0.709245	98
8941.617077	35.642960	0.035935	0.991873	99
8942.718664	28.091677	0.035934	0.781763	100
8943.712552	34.772453	0.035933	0.967702	101
8944.812509	26.310129	0.035933	0.732194	102
8945.788339	35.486980	0.035935	0.987525	103
8946.883209	28.464935	0.035936	0.792101	104
8947.871581	36.478634	0.035937	1.015074	105
8948.974101	26.826729	0.035935	0.746531	106
8949.955876	36.645500	0.035938	1.019683	107
8951.053560	25.891470	0.035932	0.720575	108
8952.041039	36.484921	0.035933	1.015360	109
8953.127974	27.385115	0.035932	0.762138	110
8954.091780	47.786114	0.035933	1.329849	111
8955.219720	26.283556	0.035935	0.731423	112
8956.199156	38.649334	0.035937	1.075486	113
8957.292304	27.363901	0.035939	0.761409	114
8958.290479	36.674282	0.035932	1.020648	115
8959.373643	28.265465	0.035937	0.786531	116
8960.361801	39.745724	0.035934	1.106076	117
8961.466433	26.450615	0.035936	0.736046	118
8962.466394	34.494076	0.035935	0.959889	119
8963.560077	23.900965	0.035934	0.665134	120
8964.539734	36.179966	0.035935	1.006826	121
8965.639514	26.661674	0.035937	0.741903	122
8966.675550	21.876156	0.035934	0.608791	123
8967.728018	25.874481	0.035934	0.720046	124
8968.708112	35.329945	0.035938	0.983078	125
8969.797452	28.007046	0.035937	0.779330	126
8970.796833	163.331696	0.035935	4.545144	127
8971.913404	24.893894	0.035934	0.692763	128
8972.881624	32.929241	0.035933	0.916402	129
8973.968359	27.289982	0.035933	0.759476	130
8974.980368	29.669575	0.035932	0.825705	131
8976.052242	28.355646	0.035936	0.789049	132
8977.032420	35.928921	0.035935	0.999818	133
8978.137529	26.895741	0.035933	0.748500	134
8979.125368	33.810383	0.035937	0.940829	135
8980.221299	28.121870	0.035933	0.782610	136
8981.187398	38.734104	0.035935	1.077898	137
8982.411200	8.552505	0.035934	0.238005	138
8983.280299	35.524208	0.035937	0.988502	139
8984.386874	26.878653	0.035938	0.747912	140
8985.367115	34.777481	0.035934	0.967824	141
8986.477021	25.856468	0.035935	0.719526	142
8987.452161	35.247593	0.035933	0.980921	143
8988.526700	33.873947	0.035934	0.942681	144
8989.540272	34.590698	0.035934	0.962619	145
8990.632579	27.064241	0.035934	0.753158	146
8991.621404	34.895741	0.035935	0.971070	147
8992.713069	28.259445	0.035935	0.786403	148
8993.725372	32.171349	0.035937	0.895220	149
8994.794975	28.097805	0.035938	0.781847	150
8995.800403	29.961267	0.035938	0.833703	151
8996.884989	27.106220	0.035938	0.754245	152
8997.872790	34.886539	0.035933	0.970890	153
8998.963686	28.163874	0.035934	0.783763	154
8999.956867	33.783562	0.035931	0.940225	155
9001.042896	29.122679	0.035934	0.810443	156
9002.046860	33.214287	0.035935	0.924291	157
9003.131854	26.871639	0.035939	0.747709	158
9004.135547	31.880804	0.035935	0.887180	159
9005.211654	28.382351	0.035935	0.789830	160
9006.204502	35.337017	0.035934	0.983388	161
9007.296876	28.422777	0.035936	0.790932	162
9008.283495	35.593075	0.035934	0.990515	163
9009.376478	28.429932	0.035937	0.791107	164
9010.370655	34.446835	0.035934	0.958626	165
9011.464490	27.858627	0.035933	0.775301	166
9012.563176	9.724238	0.035937	0.270592	167
9013.550119	26.841265	0.035935	0.746930	168
9014.536134	33.308704	0.035934	0.926935	169
9015.624438	29.152775	0.035935	0.811259	170
9016.578524	48.558754	0.035935	1.351289	171
9017.719383	27.222294	0.035937	0.757492	172
9018.701586	33.333355	0.035934	0.927617	173
9019.801288	28.348812	0.035939	0.788801	174
9020.790158	31.500492	0.035933	0.876654	175
9021.893380	27.107416	0.035935	0.754351	176
9022.873454	31.305500	0.035935	0.871167	177
9023.968122	28.651230	0.035935	0.797305	178
9024.949516	33.220604	0.035937	0.924423	179
9026.057140	27.597059	0.035933	0.768006	180
9027.045449	30.884386	0.035933	0.859491	181
9028.130089	29.414656	0.035939	0.818453	182
9029.093264	41.114124	0.035936	1.144087	183
9030.195467	34.089344	0.035934	0.948665	184
9031.193145	34.547962	0.035934	0.961423	185
9032.303863	27.714825	0.035935	0.771246	186
9033.289331	32.746651	0.035933	0.911323	187
9034.429820	16.081030	0.035933	0.447528	188
9035.378480	31.175175	0.035934	0.867578	189
9036.439274	34.832443	0.035933	0.969378	190
9037.442928	35.651516	0.035937	0.992066	191
9038.546086	28.060722	0.035933	0.780907	192
9039.533865	33.466007	0.035933	0.931343	193
9040.629301	28.068926	0.035937	0.781066	194
9041.615965	33.224056	0.035934	0.924584	195
9042.709990	28.454365	0.035933	0.791863	196
9043.703319	32.630478	0.035936	0.908012	197
9044.795745	28.113247	0.035934	0.782367	198
9045.771484	36.965931	0.035935	1.028690	199
9046.875618	29.125786	0.035935	0.810506	200
9048.962184	28.628265	0.035938	0.796598	202
9050.046321	-52.419769	0.035933	-1.458840	203
9051.053903	27.862663	0.035938	0.775301	204
9052.023381	34.865925	0.035932	0.970343	205
9053.126545	29.387362	0.035935	0.817790	206
9054.115043	32.900047	0.035933	0.915592	207
9055.218403	27.879837	0.035934	0.775858	208
9056.200428	32.183472	0.035933	0.895643	209
9057.303772	27.862051	0.035935	0.775353	210
9058.275748	33.023403	0.035934	0.919006	211
9059.389949	27.811268	0.035934	0.773958	212
9060.328707	44.715527	0.035935	1.244338	213
9061.496399	23.312870	0.035937	0.648721	214
9062.464960	28.574711	0.035936	0.795151	215
9063.548044	27.987534	0.035933	0.778887	216
9064.527804	31.772011	0.035933	0.884210	217
9065.631596	28.534271	0.035938	0.793986	218
9066.618577	30.462971	0.035934	0.847745	219
9067.733021	26.297663	0.035936	0.731796	220
9068.695659	28.779707	0.035933	0.800927	221
9069.794734	28.316433	0.035935	0.788000	222
9070.777907	31.994888	0.035935	0.890351	223
9071.877068	28.504091	0.035938	0.793138	224
9072.828507	44.590332	0.035934	1.240883	225
9073.960599	27.891235	0.035935	0.776157	226
9074.953697	30.501392	0.035933	0.848836	227
9076.042864	27.546001	0.035936	0.766526	228
9077.038168	30.126177	0.035936	0.838329	229
9078.125403	28.292650	0.035934	0.787359	230
9079.114437	32.059753	0.035937	0.892103	231
9080.214816	27.057629	0.035933	0.753011	232
9081.199731	31.506697	0.035937	0.876722	233
9082.283459	28.345572	0.035934	0.788824	234
9083.281830	31.538652	0.035933	0.877709	235
9084.307476	52.941334	0.035934	1.473313	236
9085.407786	21.431042	0.035934	0.596400	237
9086.462105	27.241396	0.035936	0.758053	238
9087.442389	32.456848	0.035938	0.903126	239
9088.626283	5.657798	0.035935	0.157446	240
9089.528706	31.375992	0.035935	0.873134	241
9090.620788	28.227852	0.035933	0.785568	242
9091.613897	32.014458	0.035934	0.890914	243
9092.712072	26.790722	0.035936	0.745516	244
9093.705380	29.532450	0.035935	0.821834	245
9094.795013	27.016180	0.035932	0.751860	246
9095.777369	31.212265	0.035937	0.868531	247
9096.871881	27.895893	0.035936	0.776265	248
9097.855557	32.139362	0.035937	0.894334	249
9098.969041	25.690001	0.035935	0.714904	250
9099.948436	29.587044	0.035935	0.823347	251
9101.040623	27.264956	0.035933	0.758768	252
9102.024926	29.772058	0.035935	0.828501	253
9103.123568	27.737698	0.035937	0.771846	254
9104.031872	65.067818	0.035935	1.810700	255
9105.206066	27.889687	0.035936	0.776100	0
9106.186554	30.447702	0.035936	0.847270	1
9107.288735	28.490267	0.035933	0.792861	2
9108.270950	30.577702	0.035934	0.850940	3
9109.373429	28.607792	0.035934	0.796121	4
9110.362805	27.900558	0.035939	0.776334	5
9111.400553	51.751656	0.035934	1.440180	6
9112.436014	30.470312	0.035931	0.848025	7
9113.546649	27.891104	0.035935	0.776163	8
9114.520796	30.654148	0.035936	0.853010	9
9115.614006	30.512794	0.035939	0.849027	10
9116.598205	31.446074	0.035934	0.875116	11
9117.704039	28.920330	0.035935	0.804798	12
9118.698478	28.546412	0.035935	0.794401	13
9119.784992	28.863525	0.035935	0.803222	14
9120.772681	30.221989	0.035935	0.841016	15
9121.867652	28.471523	0.035934	0.792324	16
9122.859010	28.335009	0.035936	0.788495	17
9123.951345	28.582453	0.035936	0.795377	18
9124.939769	29.384970	0.035940	0.817612	19
9126.031614	29.892879	0.035936	0.831828	20
9127.019363	30.320570	0.035938	0.843699	21
9128.117099	28.895575	0.035933	0.804145	22
9129.114119	28.246443	0.035935	0.786038	23
9130.195544	29.239252	0.035934	0.813694	24
9131.188980	29.290199	0.035936	0.815074	25
9132.281662	29.128250	0.035937	0.810533	26
9133.281073	27.503927	0.035934	0.765408	27
9134.373183	25.494267	0.035936	0.709439	28
9135.354268	29.296049	0.035939	0.815171	29
9136.466344	25.699011	0.035937	0.715121	30
9137.434923	29.852180	0.035934	0.830740	31
9138.537367	27.367399	0.035933	0.761617	32
9139.509620	31.506828	0.035932	0.876844	33
9140.612533	28.961935	0.035937	0.805919	34
9141.603279	28.726250	0.035935	0.799388	35
9142.722279	24.523914	0.035934	0.682463	36
9143.458045	126.316551	0.035934	3.515268	37
9144.775631	30.173698	0.035936	0.839660	38
9145.766117	29.260775	0.035933	0.814311	39
9146.857485	30.421026	0.035939	0.846473	40
9147.847664	29.137062	0.035934	0.810839	41
9148.948940	28.977131	0.035934	0.806403	42
9149.938776	26.741365	0.035934	0.744187	43
