num crossings	time (s)	maj axis (mm)	min axis (mm)	theta (rad )	slope (V/s)
15255	30206.182218	34.599312	-13.976112	1.885611	8.040239
15257	30208.231353	35.356986	-13.742233	1.922722	6.390316
15259	30210.286722	35.269529	-13.575947	1.908766	9.488347
15263	30214.438690	34.812222	-13.368927	1.893301	7.963182
15265	30216.521965	34.402836	-13.266628	1.891446	10.234254
15267	30218.590654	34.388662	-13.319834	1.903491	7.767360
15269	30220.684827	34.387229	-13.168413	1.905961	7.880926
15273	30224.886109	33.856031	-13.076352	1.886590	9.169494
15275	30226.999589	33.750808	-12.921087	1.812049	8.820398
15277	30229.080610	34.245215	-12.851283	1.800578	7.148257
15279	30231.122326	35.205860	-12.880264	1.865751	6.779541
15281	30233.145208	35.544292	-12.551336	1.949389	4.144670
15283	30235.222598	33.367929	-12.920761	1.958933	6.127601
15285	30237.384944	32.781509	-12.952469	1.853497	8.225649
15287	30239.488398	34.198233	-12.378009	1.776492	6.995176
15289	30241.510165	35.732743	-12.308234	1.891623	7.161089
15291	30243.536284	34.484114	-12.536740	1.980315	6.836898
15293	30245.655948	32.744617	-12.817406	1.910563	7.591378
15295	30247.809284	32.802618	-12.401731	1.786516	8.924196
15297	30249.885321	34.577071	-12.225200	1.801592	6.441255
15299	30251.916817	35.044061	-12.363271	1.889473	6.888578
15301	30253.952034	34.760896	-12.180158	1.932716	6.456635
15303	30256.027273	33.538050	-12.347780	1.940673	6.537878
15305	30258.128391	33.583489	-12.267603	1.893514	8.884952
15307	30260.230186	33.778907	-12.196072	1.881293	8.632065
15309	30262.306142	34.145090	-12.204321	1.877953	8.944704
15313	30266.439071	34.177667	-12.359366	1.858914	8.382116
15315	30268.518583	33.353247	-12.142998	1.853029	7.484940
15317	30270.634304	32.289033	-11.636766	1.858153	7.099177
15319	30272.763177	32.529905	-11.855309	1.892210	6.908203
15321	30274.865475	33.374110	-12.348735	1.861689	6.899535
15323	30276.914763	35.218659	-12.227311	1.898854	7.647659
15325	30278.942769	34.886991	-12.229784	1.826876	7.858828
15327	30281.004697	33.063418	-11.738491	1.831370	7.150582
15331	30285.263247	32.649830	-11.779647	1.868443	6.676453
15333	30287.345851	33.542626	-11.957864	1.860683	7.443142
15335	30289.396183	34.829203	-11.744308	1.882826	7.880464
15337	30291.435684	34.479161	-11.696612	1.842465	7.985117
15341	30295.582110	33.086777	-11.350038	1.830241	6.471802
15343	30297.673956	32.726300	-11.155768	1.836373	7.019228
15345	30299.775377	32.779909	-11.168498	1.857543	6.642524
15347	30301.865139	33.026409	-11.184801	1.861223	6.235837
15349	30303.944094	33.202194	-11.170522	1.858687	6.096641
15351	30306.009249	33.564707	-11.048885	1.863457	6.286451
15353	30308.068785	33.884080	-10.836040	1.876776	6.392220
15355	30310.130611	33.348281	-10.687707	1.921104	6.655189
15357	30312.224440	32.745146	-10.763243	1.891924	7.972321
15359	30314.341041	32.725699	-10.737667	1.867505	8.696217
15361	30316.461420	32.539216	-10.644827	1.831965	8.118863
15363	30318.564632	32.401727	-10.473525	1.775487	8.278462
15367	30322.682951	34.126512	-10.488093	1.838960	6.187893
15369	30324.712830	34.227844	-10.224428	1.891762	6.081975
15371	30326.779507	32.772970	-10.339080	1.924368	7.241012
15373	30328.894993	32.265417	-10.465670	1.860959	8.929242
15375	30331.018066	32.533720	-10.347101	1.842180	8.516309
15377	30333.126522	32.244232	-10.210081	1.790842	8.409496
15379	30335.212916	32.477590	-10.142663	1.778129	7.973151
15383	30339.358847	33.078971	-10.136337	1.817150	6.992766
15385	30341.421397	33.162187	-10.133336	1.831685	6.999254
15387	30343.478636	33.065579	-10.167711	1.846217	5.850979
15389	30345.539893	33.142553	-10.110368	1.849975	6.505200
15391	30347.609561	33.132105	-10.006337	1.846402	6.650337
15393	30349.684938	32.906745	-9.934650	1.849339	6.592031
15395	30351.765476	32.683260	-9.894318	1.844846	6.907940
15397	30353.852734	32.522224	-9.834438	1.828161	6.995746
15399	30355.942395	32.263307	-9.750210	1.824226	6.632434
15401	30358.040103	31.947098	-9.659006	1.833819	6.639749
15403	30360.140580	31.788255	-9.620668	1.840750	6.698802
15405	30362.241868	31.783637	-9.622528	1.848604	6.980947
15407	30364.339124	32.152397	-9.674467	1.824420	7.674737
15409	30366.427497	32.081762	-9.624969	1.814280	7.541068
15411	30368.509102	32.033697	-9.588846	1.813440	7.860050
15413	30370.585117	32.586882	-9.591315	1.821073	7.793524
15415	30372.646396	33.222600	-9.431275	1.850636	7.798931
15417	30374.701329	33.433694	-9.448697	1.832300	8.444645
15419	30376.750915	33.250399	-9.480737	1.799499	8.258028
15421	30378.812785	32.497586	-9.512999	1.803577	7.712991
15425	30383.023882	31.005561	-8.880635	1.823411	6.941482
15427	30385.138357	31.469071	-9.070976	1.839979	6.981776
15429	30387.231952	32.028448	-9.249727	1.823725	7.706705
15431	30389.320605	31.920225	-9.078145	1.796115	5.965001
15433	30391.398608	31.962329	-9.059271	1.798694	7.756291
15435	30393.481213	31.980213	-8.794212	1.787972	8.130669
15437	30395.562207	34.071670	-8.986137	1.782806	8.000681
15439	30397.643762	31.864274	-8.884835	1.788385	8.212073
15441	30399.730139	31.925010	-8.625097	1.773928	7.171887
15443	30401.810308	32.169203	-8.491023	1.772340	7.787417
15445	30403.881162	34.064443	-7.924750	1.823685	6.836464
15447	30405.939883	34.123767	-7.800366	1.858404	6.581047
15449	30407.989256	33.622381	-8.152530	1.835900	6.314081
15451	30410.038237	32.832335	-8.984082	1.861135	7.800154
15453	30412.108626	32.670486	-7.886635	1.878981	7.804360
15455	30414.215047	32.469983	-8.172601	1.848173	9.271888
15457	30416.320685	32.922050	-7.967364	1.834055	9.449789
15459	30418.425845	33.401271	-7.908035	1.841065	9.362284
15461	30420.519080	32.292940	-8.157328	1.815901	9.385101
15463	30422.603148	33.287927	-7.750883	1.830606	9.463481
15465	30424.691519	33.338557	-7.677345	1.825103	9.381067
15467	30426.768036	33.719187	-7.605890	1.835460	8.699937
15469	30428.846547	34.079993	-7.573901	1.845833	9.525186
15471	30430.915521	36.048740	0.330120	1.814752	10.094368
15473	30432.981887	34.826149	-7.539156	1.837934	9.600955
15475	30435.041092	34.829591	-7.624002	1.826008	9.747872
15477	30437.100218	34.699780	-7.553806	1.813527	7.997354
15479	30439.176350	33.989058	-7.435893	1.814350	9.510269
15481	30441.276545	38.021233	-9.965355	1.877945	8.392813
15483	30443.391421	34.734474	-7.060799	1.800114	9.151376
15485	30445.496636	33.820502	-7.761317	1.822059	8.710225
15487	30447.590472	34.103526	-7.042103	1.845658	7.873008
15489	30449.678220	32.051948	-8.319767	1.748583	8.669375
15491	30451.758761	31.808714	-8.793268	1.727870	8.101336
15493	30453.841657	36.208393	-6.740768	1.817497	9.484956
15495	30455.922103	34.625436	-6.850456	1.816559	9.282573
15497	30457.991983	35.148348	-6.573403	1.823608	8.412697
15499	30460.058962	35.479667	-6.513695	1.831756	9.224654
15501	30462.112880	35.921167	-6.330544	1.848143	9.091739
15503	30464.167639	36.004173	-6.230155	1.868650	9.503684
15505	30466.233215	35.838727	-10.796212	1.933267	8.805679
15507	30468.326725	35.048631	-5.974348	1.865901	10.802186
15509	30470.429294	35.235710	-6.117789	1.854310	10.414175
15511	30472.529735	36.019911	-6.148987	1.842268	11.399969
15513	30474.622222	35.823608	-6.040481	1.850405	10.892754
15515	30476.707227	36.490970	-5.870649	1.864839	11.537660
15517	30478.789609	36.399970	-5.801061	1.852355	10.940022
15519	30480.863887	36.573447	-5.849007	1.853512	10.582556
15521	30482.932997	41.440013	3.400437	1.824267	11.155154
15523	30484.995832	37.430047	-5.889114	1.834788	10.563041
15525	30487.059653	36.861708	-6.058823	1.825473	10.392382
15527	30489.139901	36.338059	-5.570443	1.820531	11.206591
15529	30491.236175	36.225658	-4.804378	1.856993	10.643070
15531	30493.343065	36.003140	-5.689522	1.793301	10.651400
15533	30495.451589	35.917691	-5.289107	1.864444	11.900445
15535	30497.545053	36.572959	-5.327916	1.858308	10.942813
15537	30499.632687	36.580675	-5.178373	1.846001	11.266163
15539	30501.715630	38.164470	-5.217395	1.843515	10.014761
15541	30503.794515	36.925657	-5.215493	1.838930	10.366761
15543	30505.870802	37.235464	-4.942211	1.835593	10.900650
15545	30507.941413	37.438714	-4.928272	1.838332	10.189425
15547	30510.001946	38.477583	-6.013099	1.779076	10.236187
15549	30512.057811	38.776371	-5.025911	1.876425	11.242555
15551	30514.121033	38.760916	-3.899370	1.837350	10.885011
15553	30516.200493	37.563700	-3.909661	1.892077	11.183370
15555	30518.296784	37.346745	-4.583141	1.863996	12.756925
15557	30520.394788	37.846375	-4.033244	1.867329	12.937522
15559	30522.490400	38.192736	-4.079734	1.859993	12.155859
15561	30524.573471	38.347833	-4.470267	1.837705	12.236209
15563	30526.655864	39.137717	-4.267510	1.869057	11.634223
15565	30528.730370	39.472123	-4.192353	1.865599	12.305866
15567	30530.800346	39.161039	-4.383451	1.845683	12.290132
15569	30532.866198	38.960166	-4.235468	1.831079	12.296141
15571	30534.938244	38.773016	-4.199540	1.826859	12.332405
15573	30537.024125	38.215391	-4.005860	1.826218	12.467863
15575	30539.127157	37.681936	-3.773022	1.841660	12.345394
15577	30541.233304	37.666151	-5.210416	1.797467	12.400641
15579	30543.331988	38.300497	-4.770775	1.809351	11.934478
15581	30545.420651	38.717869	-3.752086	1.859690	12.578028
15583	30547.505075	40.463510	-4.892444	1.759279	11.859591
15585	30549.585988	39.004106	-3.557312	1.847986	11.484342
15587	30551.663572	40.065418	-3.225154	1.871157	12.558599
15589	30553.734525	40.519237	-2.983642	1.873373	11.914453
15591	30555.796953	40.686322	-3.967602	1.781589	11.240340
15593	30557.856850	40.209923	-3.247783	1.866040	12.381665
15595	30559.920410	40.286249	-3.128002	1.877374	12.852116
15597	30562.001180	39.676372	-3.081809	1.876020	12.861607
15599	30564.092958	39.538392	-3.095138	1.864407	13.982994
15601	30566.186859	39.790021	-3.023276	1.858288	13.738174
15603	30568.279724	40.154749	-2.975136	1.855594	13.610097
15605	30570.362370	40.486728	-2.887158	1.853895	13.780551
15607	30572.443062	40.695155	-2.437372	1.860650	13.679664
15609	30574.517763	40.995081	-2.880823	1.847662	14.064535
15611	30576.588138	41.635937	-2.500402	1.867223	13.300063
15613	30578.658634	40.922293	-3.102944	1.831148	14.246909
15615	30580.738614	40.668569	-2.672925	1.827276	13.624375
15617	30582.831554	40.126993	-2.522012	1.834325	13.586539
15619	30584.932972	40.152993	-3.626885	1.792101	13.691300
15621	30587.034008	40.124805	-7.449290	1.899749	14.164242
15623	30589.127803	41.641455	-2.325013	1.827606	13.500983
15625	30591.214148	41.149319	-3.379955	1.815666	14.773985
15627	30593.296000	41.321035	-2.309737	1.851486	13.758196
15629	30595.374586	38.298735	-3.701284	1.877326	14.257357
15631	30597.446578	42.105483	-1.563081	1.881109	13.920326
15633	30599.513575	43.205635	-1.027214	1.908311	13.111995
15635	30601.575618	42.198293	-1.883506	1.862564	14.240616
15637	30603.640986	41.813410	-2.512218	1.875305	13.643726
15639	30605.718811	41.116380	-2.368119	1.876906	14.350346
15641	30607.807406	41.743747	-1.623904	1.864016	15.244645
15643	30609.897039	41.676964	-1.780954	1.858159	15.123627
15645	30611.988567	42.487106	-1.913769	1.858303	14.867190
15647	30614.074342	42.556316	-1.745469	1.853233	15.417587
15649	30616.150858	41.554457	4.870310	1.815001	14.622321
15651	30618.227014	43.178511	-1.773254	1.851637	15.775832
15653	30620.298932	48.581041	6.580953	1.883065	14.168183
15655	30622.375592	42.473979	-0.984611	1.860725	15.056915
15657	30624.458249	42.609923	-1.682133	1.831473	14.895057
15659	30626.553093	42.438336	-0.896423	1.865414	15.865703
15661	30628.654070	41.790969	-1.166340	1.850882	16.128987
15663	30630.750619	42.218081	-1.218978	1.856707	14.901414
15665	30632.841423	42.188183	-1.274479	1.856050	16.071137
15667	30634.926878	42.538432	-1.186117	1.853026	15.384543
15669	30637.008591	42.553195	-1.079383	1.848178	15.745788
15671	30639.082278	42.682100	-1.035774	1.844451	15.559819
15673	30641.154147	42.714078	-0.943471	1.845227	14.714916
15675	30643.218380	43.024043	-0.875176	1.852866	15.439336
15677	30645.280527	43.226807	-0.749003	1.863344	14.162810
15679	30647.351605	42.929802	-0.662065	1.870580	14.624300
15681	30649.431211	42.455728	-0.659639	1.867627	15.250808
15683	30651.521228	42.099644	-0.658227	1.859952	14.848999
15687	30655.697086	42.516101	-0.592744	1.850736	15.460848
15689	30657.779800	42.659518	-0.501957	1.848028	15.482612
15691	30659.857073	42.579048	-0.496386	1.843339	14.840827
15693	30661.929578	42.723176	-0.482393	1.836261	14.704457
15697	30666.079127	42.174242	-0.354151	1.823881	15.382498
15699	30668.168858	41.733675	-0.202635	1.828660	15.526293
15701	30670.268079	41.262768	-0.173604	1.840632	15.521701
15703	30672.367242	41.052028	-0.146015	1.850467	15.055225
15705	30674.460312	41.219613	-0.156854	1.853550	15.181530
15707	30676.548682	41.431582	-0.160641	1.851212	14.516056
15709	30678.631024	41.653537	-0.111236	1.846041	14.910810
15711	30680.708935	41.759457	-0.043415	1.842457	14.873794
15713	30682.780741	41.742495	0.106316	1.841922	14.984898
15715	30684.847707	42.058747	0.168203	1.847163	14.687594
15717	30686.911141	42.265412	0.257017	1.857183	14.784779
15719	30688.977952	42.249489	0.296823	1.866541	14.257739
15721	30691.053724	41.642299	0.375976	1.866226	14.335522
15723	30693.139051	41.296985	0.352101	1.859448	14.845877
15725	30695.228793	41.307893	0.356717	1.853459	14.885752
15727	30697.317086	41.502310	0.425814	1.848318	14.777880
15731	30701.478696	41.746128	0.483296	1.841792	14.378265
15733	30703.553467	41.783851	0.483840	1.835367	14.505675
15735	30705.625364	41.601155	0.515060	1.826777	13.779149
15737	30707.702916	41.289177	0.583339	1.822450	14.410432
15739	30709.789090	40.901556	0.706139	1.825107	14.347794
15741	30711.886066	40.402481	0.859776	1.836187	14.882836
15743	30713.985022	40.089722	0.820073	1.846169	15.171456
15745	30716.079294	40.216901	0.833824	1.850946	14.504005
15747	30718.168418	40.422536	0.846008	1.849114	14.553567
15749	30720.252317	40.617747	0.915736	1.845925	13.607079
15751	30722.329975	40.718076	0.966347	1.842145	14.422439
15753	30724.403237	40.665725	1.025452	1.841087	14.302030
15755	30726.470229	41.071191	1.052672	1.846147	13.421519
15757	30728.533381	41.252594	1.252311	1.855086	13.860198
15759	30730.600301	41.151329	1.277442	1.864160	14.620336
15761	30732.676174	40.768976	1.344188	1.865656	14.125565
15763	30734.761457	40.417379	1.294285	1.858829	14.469252
15765	30736.853771	40.523033	1.278780	1.850814	14.252763
15767	30738.939718	40.696777	1.381305	1.848039	13.379194
15771	30743.101624	40.766612	1.434150	1.839650	13.925337
15773	30745.175543	40.775165	1.438734	1.833198	13.976136
15775	30747.248288	40.543542	1.448445	1.825013	13.293589
15777	30749.325800	40.359115	1.554182	1.821824	13.543472
15779	30751.413051	39.937998	1.632416	1.825397	14.062746
15781	30753.509832	39.377658	1.719409	1.834337	13.613359
15783	30755.610471	39.016518	1.722046	1.846865	14.378209
15785	30757.704900	39.250197	1.695110	1.850857	13.446101
15787	30759.792435	39.666790	1.779614	1.848096	13.307264
15789	30761.874831	39.621041	1.808669	1.846328	15.149921
15791	30763.953542	39.950860	1.946047	1.841799	13.461787
