num crossings	time (s)	maj axis (mm)	min axis (mm)	theta (rad )	slope (V/s)
3671	4098.250651	31.743191	-12.402912	2.370935	1.427253
3673	4100.336940	30.324224	-12.129468	2.409680	1.347353
3675	4102.416728	32.604652	11.740331	2.349840	1.392562
3677	4104.498620	33.020717	12.018699	2.356025	1.422378
3679	4106.578048	33.048673	12.266771	2.366695	1.352163
3681	4108.655403	32.862892	11.881193	2.362170	1.402623
3683	4110.729040	33.277707	11.470693	2.353290	1.164225
3685	4112.818458	32.984801	11.410275	2.346249	1.425395
3687	4114.906189	33.088073	11.372318	2.333016	1.369769
3689	4116.991533	30.652600	-11.612532	2.399072	1.375188
3691	4119.075924	32.742611	11.282750	2.342088	1.550100
3693	4121.156449	32.922144	11.302831	2.348630	1.393894
3695	4123.236043	33.897792	11.092876	2.334660	1.384114
3697	4125.312598	32.926249	11.201643	2.338841	1.526476
3699	4127.398038	33.420657	11.671992	2.360852	1.402103
3701	4129.479563	32.830164	11.191629	2.345221	1.444276
3703	4131.557653	33.128170	10.921413	2.341455	1.518186
3705	4133.638040	30.561785	-11.248530	2.383765	1.467922
3707	4135.725854	33.113990	10.779263	2.333763	1.375483
3709	4137.806306	33.270593	10.730469	2.339301	1.502236
3711	4139.885412	33.425029	10.943764	2.343903	1.443106
3713	4141.969755	33.012188	10.890185	2.339595	1.399229
3715	4144.051828	30.802623	-11.042388	2.376917	1.635976
3717	4146.137205	32.866178	10.828136	2.331026	1.411487
3719	4148.223452	32.893254	10.929181	2.325247	1.507149
3721	4150.303621	33.029551	10.618046	2.321930	1.569553
3723	4152.385138	33.351783	10.428081	2.324726	1.607142
3725	4154.470218	33.643862	10.340172	2.323449	1.481804
3727	4156.549548	33.185068	10.935940	2.333872	1.476570
3729	4158.625246	33.293445	10.442430	2.324039	1.533800
3731	4160.708807	33.356294	10.258604	2.324956	1.545266
3733	4162.790369	33.318172	10.116360	2.325926	1.592026
3735	4164.870767	33.473495	10.110560	2.324457	1.517171
3737	4166.953888	32.742815	10.201344	2.321299	1.250424
3739	4169.040146	31.626508	-10.464200	2.330722	1.784948
3741	4171.120132	31.332884	-8.016543	2.346599	1.631107
3743	4173.201650	32.955360	9.893208	2.313624	1.626392
3745	4175.284478	33.708812	11.465320	2.348265	1.594714
3747	4177.368306	30.790288	-10.001849	2.367142	1.543656
3749	4179.451500	33.298809	9.838664	2.316446	1.596534
3751	4181.530173	33.472164	9.702396	2.314996	1.486163
3753	4183.611333	33.805587	9.683579	2.316966	1.655087
3755	4185.693514	34.080212	11.522311	2.348090	1.617252
3757	4187.774529	31.225205	-9.801299	2.350102	1.670111
3759	4189.856315	34.061905	10.508374	2.323155	1.639360
3761	4191.941799	33.817894	9.367680	2.294994	1.548387
3763	4194.025857	33.515909	9.422298	2.298644	1.622364
3765	4196.110076	33.426528	9.812234	2.309946	1.501245
3767	4198.191633	33.534398	9.729227	2.310822	1.691389
3769	4200.273278	33.734463	10.055882	2.324549	1.625359
3771	4202.357603	33.619518	9.173292	2.300713	1.829441
3773	4204.435326	30.522263	-9.541850	2.315985	1.770262
3775	4206.519498	31.612777	-6.837598	2.329481	1.801586
3777	4208.597588	33.627323	9.664478	2.306083	1.776345
3779	4210.676099	33.557775	9.270851	2.303699	1.895184
3781	4212.764179	33.602222	9.382017	2.303858	1.797176
3783	4214.844741	33.840403	8.923802	2.301394	1.793717
3785	4216.925583	33.429869	8.704353	2.288964	1.746138
3787	4219.007749	31.852366	-9.108009	2.303874	1.741222
3789	4221.091854	31.753919	-6.543911	2.322787	1.713316
3791	4223.171675	33.657529	8.914341	2.292979	1.795761
3793	4225.256161	33.865409	9.118031	2.293815	1.881673
3795	4227.339379	32.034877	-9.000604	2.301677	1.778109
3797	4229.425022	32.081041	-9.119612	2.297857	1.884006
3799	4231.506225	31.922934	-10.501369	2.300565	1.787372
3801	4233.589174	35.484425	10.172170	2.304918	1.976580
3803	4235.667026	33.953322	8.661908	2.287024	1.855755
3805	4237.748756	34.524058	8.231357	2.281118	1.853384
3807	4239.830348	34.336971	8.722259	2.291632	1.643926
3809	4241.912502	34.383782	8.266765	2.282845	1.813534
3811	4243.991492	35.031873	9.722106	2.316958	1.871983
3813	4246.071905	34.122627	8.277354	2.291326	1.950892
3815	4248.156619	34.299757	8.811115	2.304830	1.870469
3817	4250.239902	32.177929	-8.314998	2.288610	1.949737
3819	4252.321468	31.910411	-6.045288	2.301790	1.946218
3821	4254.402151	34.130605	7.974208	2.284695	1.993239
3823	4256.490316	34.748495	9.176291	2.303868	1.916142
3825	4258.566234	34.638984	9.623278	2.310967	1.902728
3827	4260.648531	34.161273	7.844618	2.286619	1.995785
3829	4262.732626	34.236026	8.040490	2.285216	2.039710
3831	4264.817271	34.534794	8.212917	2.286408	1.999182
3833	4266.897162	34.441606	8.007660	2.288689	1.829950
3835	4268.978947	34.555118	7.537510	2.275923	1.944960
3837	4271.053941	34.627883	7.478833	2.269136	2.014810
3839	4273.140585	32.382765	-7.764748	2.277187	2.060229
3841	4275.221686	33.680289	-9.324540	2.357221	1.990784
3843	4277.313472	31.485855	-7.599326	2.277540	2.059632
3845	4279.399410	32.545160	-5.380113	2.296479	2.100764
3847	4281.482135	34.364149	7.429732	2.273963	1.915954
3849	4283.564860	34.127394	7.304948	2.270580	2.001223
3851	4285.646450	34.464206	7.317647	2.273637	1.875007
3853	4287.718061	34.145324	7.195605	2.268556	2.036770
3855	4289.801719	34.980068	7.003911	2.257815	1.973464
3857	4291.885524	34.484868	7.537876	2.270275	2.061186
3859	4293.963436	34.448352	6.992570	2.267800	1.968271
3861	4296.047478	35.279561	8.895838	2.299910	2.045163
3863	4298.129421	34.849997	9.076767	2.297288	1.965792
3865	4300.211317	34.611506	7.064468	2.265015	1.990897
3867	4302.294308	34.392614	6.817502	2.262613	1.996887
3869	4304.374183	32.318424	-6.994233	2.269006	2.056887
3871	4306.460419	32.369830	-4.355625	2.297907	2.016102
3873	4308.542793	34.580937	6.541831	2.258117	1.999432
3875	4310.622673	34.661470	6.640844	2.262425	1.981158
3877	4312.719574	34.814720	6.612174	2.265752	2.369139
3879	4314.789480	34.964670	6.544941	2.251489	1.968544
3881	4316.875550	35.470555	6.361932	2.251597	2.006413
3883	4318.955075	34.607449	6.516862	2.257545	2.129242
3885	4321.036133	34.821995	7.469523	2.265922	2.117216
3887	4323.117865	34.687606	6.330927	2.258218	2.120652
3889	4325.199190	35.084136	6.994048	2.271255	2.191253
3891	4327.276385	34.927769	7.463962	2.258451	2.069597
3893	4329.358575	34.805487	6.160643	2.249784	2.225246
3895	4331.435788	32.682146	-6.242602	2.262315	3.616155
3897	4333.518120	32.156507	-4.690948	2.277052	2.180715
3899	4335.599237	33.076103	-6.122542	2.259913	2.271094
3901	4337.681820	32.425391	-3.905787	2.264768	2.166572
3903	4339.767474	35.033434	5.774930	2.256159	2.147241
3905	4341.847819	34.850854	6.008763	2.256454	2.901920
3907	4343.929438	35.237643	5.771515	2.248301	2.340277
3909	4346.010949	35.249601	6.263951	2.265063	2.223875
3911	4348.092430	35.060946	6.310445	2.264637	2.239213
3913	4350.174123	35.089387	5.812196	2.256551	2.206899
3915	4352.255531	35.009646	5.952670	2.258206	2.069970
3917	4354.339800	34.948808	5.584524	2.248472	3.314481
3919	4356.423094	35.212775	5.577450	2.245963	2.434650
3921	4358.505757	35.338963	5.505132	2.244250	2.305911
3923	4360.588828	35.519309	5.351339	2.233397	2.158098
3925	4362.671549	35.158738	5.359936	2.234606	2.239614
3927	4364.755321	35.390941	6.120355	2.245720	2.205142
3929	4366.837789	32.655581	-5.356952	2.278212	2.356505
3931	4368.918338	34.982360	5.384954	2.239544	2.346357
3933	4371.004454	34.923237	5.328913	2.241869	2.329718
3935	4373.087075	35.327523	5.349513	2.244303	2.150321
3937	4375.165621	32.640923	-5.226318	2.247315	2.262213
3939	4377.248704	33.780716	-5.430273	2.303559	2.201354
3941	4379.332785	34.983860	5.030177	2.239739	2.123558
3943	4381.416085	32.714332	-5.044408	2.245548	2.286213
3945	4383.497891	31.982684	-2.805158	2.278022	2.265203
3947	4385.580477	32.843197	-4.874010	2.272170	2.364532
3949	4387.661228	36.006786	6.902256	2.270025	2.303800
3951	4389.743839	35.206033	6.930229	2.245905	2.398676
3953	4391.824283	35.682330	7.038409	2.268015	2.256342
3955	4393.907421	35.348401	4.830365	2.239380	2.257874
3957	4395.989601	35.301592	4.668792	2.237907	2.372667
3959	4398.068991	35.342328	4.669961	2.234439	2.207406
3961	4400.152210	35.694879	4.542396	2.233709	2.386206
3963	4402.236328	35.409865	6.438743	2.241351	2.483756
3965	4404.316406	35.228010	4.469319	2.236521	2.309800
3967	4406.394773	35.385750	5.940294	2.240831	2.394481
3969	4408.479863	35.501785	4.889120	2.241803	2.431288
3971	4410.559218	35.228147	4.339768	2.232527	2.296885
3973	4412.641375	35.436573	4.481111	2.228120	2.382406
3975	4414.721218	35.455970	5.818991	2.234743	2.497676
3977	4416.805378	35.632824	6.054740	2.241363	2.169976
3979	4418.886104	35.789242	4.003646	2.219784	2.258598
3981	4420.963845	36.054928	4.059160	2.220420	2.288342
