time (s)	energy (uJ)	charge (mC)	voltage (mV)	crossing#mod 255
29813.599675	52.630016	0.035935	1.464605	28
29814.547943	63.473244	0.035938	1.766192	29
29815.680116	55.012054	0.035935	1.530858	30
29816.634063	78.172874	0.035940	2.175115	31
29817.762907	53.786377	0.035934	1.496816	32
29818.711187	65.564110	0.035932	1.824666	33
29819.843521	49.514229	0.035935	1.377870	34
29820.807592	71.942848	0.035937	2.001940	35
29821.901704	46.319229	0.035937	1.288919	36
29822.917764	72.451302	0.035937	2.016059	37
29823.937670	50.680714	0.035931	1.410487	38
29825.048344	64.484985	0.035936	1.794456	39
29825.980490	60.546585	0.035933	1.684982	40
29827.137931	53.097599	0.035936	1.477543	41
29828.082911	71.007126	0.035932	1.976137	42
29829.190996	46.845478	0.035932	1.303712	43
29830.210989	68.882248	0.035935	1.916850	44
29831.221060	56.571358	0.035934	1.574317	45
29832.332037	58.620007	0.035937	1.631179	46
29833.285611	69.006020	0.035933	1.920432	47
29834.402259	50.603008	0.035937	1.408121	48
29835.408799	74.029320	0.035935	2.060072	49
29836.424102	54.900963	0.035937	1.527682	50
29837.548169	64.141937	0.035932	1.785079	51
29838.470077	67.738220	0.035938	1.884879	52
29839.618417	54.936604	0.035935	1.528795	53
29840.585829	74.152924	0.035937	2.063441	54
29841.669788	48.002613	0.035932	1.335926	55
29842.713990	69.095146	0.035937	1.922693	56
29843.709907	56.547714	0.035939	1.573434	57
29844.816005	61.266869	0.035940	1.704708	58
29845.777842	69.047501	0.035937	1.921365	59
29846.909992	52.789249	0.035932	1.469130	60
29847.874991	75.205338	0.035934	2.092873	61
29848.959232	51.286621	0.035939	1.427056	62
29849.981028	75.624931	0.035932	2.104693	63
29851.001834	51.716835	0.035934	1.439200	64
29852.097702	71.984856	0.035940	2.002944	65
29853.060142	57.528843	0.035932	1.601036	66
29854.191263	65.929016	0.035935	1.834652	67
29855.136022	61.920315	0.035937	1.723047	68
29856.280223	63.266533	0.035937	1.760487	69
29857.212260	62.260059	0.035931	1.732744	70
29858.364557	61.517628	0.035934	1.711977	71
29859.294429	63.324795	0.035934	1.762253	72
29860.440872	66.268509	0.035936	1.844054	73
29861.382548	58.895954	0.035933	1.639039	74
29862.506272	74.544914	0.035933	2.074563	75
29863.495030	52.773743	0.035939	1.468429	76
29864.557697	79.818031	0.035935	2.221148	77
29865.611943	46.164268	0.035938	1.284567	78
29866.612156	79.748787	0.035938	2.219087	79
29867.724200	51.169804	0.035932	1.424056	80
29868.672762	75.023857	0.035938	2.087615	81
29869.808863	60.485497	0.035935	1.683208	82
29870.758897	65.133171	0.035936	1.812472	83
29871.873566	71.880943	0.035940	2.000001	84
29872.868978	57.162979	0.035934	1.590794	85
29873.918832	79.651474	0.035934	2.216627	86
29874.995216	51.108746	0.035934	1.422311	87
29875.967580	81.422256	0.035935	2.265835	88
29877.067944	47.652657	0.035934	1.326132	89
29878.023697	72.303520	0.035933	2.012185	90
29879.181710	71.360306	0.035933	1.985921	91
29880.133939	55.058739	0.035933	1.532279	92
29881.214273	83.876549	0.035936	2.334077	93
29882.267812	47.066544	0.035938	1.309663	94
29883.257492	82.888176	0.035933	2.306756	95
29884.381224	58.145447	0.035937	1.617973	96
29885.328624	72.280708	0.035931	2.011645	97
29886.452817	68.806999	0.035932	1.914910	98
29887.428866	63.191021	0.035932	1.758646	99
29888.511090	76.533501	0.035936	2.129715	100
29889.530843	56.242458	0.035932	1.565247	101
29890.572924	83.485260	0.035940	2.322918	102
29891.650919	53.737099	0.035935	1.495411	103
29892.631594	83.691277	0.035937	2.328865	104
29893.741785	53.512398	0.035935	1.489146	105
29894.697702	84.324120	0.035933	2.346699	106
29895.840014	60.236843	0.035935	1.676255	107
29896.769742	78.396576	0.035936	2.181563	108
29897.920266	64.239624	0.035931	1.787863	109
29898.852480	69.640495	0.035933	1.938063	110
29899.995376	69.389374	0.035932	1.931116	111
29900.943023	66.773010	0.035932	1.858298	112
29902.067866	75.281647	0.035935	2.094957	113
29903.032245	61.991116	0.035936	1.725034	114
29904.138389	79.435135	0.035937	2.210409	115
29905.126088	58.493404	0.035934	1.627808	116
29906.212411	80.056694	0.035934	2.227879	117
29907.216900	61.097439	0.035935	1.700219	118
29908.296483	78.933861	0.035939	2.196316	119
29909.284233	60.641655	0.035934	1.687584	120
29910.390509	78.903740	0.035934	2.195768	121
29911.357247	62.229794	0.035933	1.731837	122
29912.479296	77.575409	0.035935	2.158759	123
29913.433464	65.349632	0.035938	1.818399	124
29914.567549	70.246300	0.035935	1.954798	125
29915.507656	72.632202	0.035932	2.021379	126
29916.655583	65.308250	0.035933	1.817484	127
29917.589528	79.592293	0.035934	2.214930	128
29918.737738	63.070381	0.035936	1.755072	129
29919.681139	83.036987	0.035937	2.310656	130
29920.807935	59.133106	0.035936	1.645503	131
29921.776209	83.736427	0.035936	2.330167	132
29922.875898	58.602844	0.035938	1.630643	133
29923.880166	87.580093	0.035941	2.436779	134
29924.938903	59.091515	0.035935	1.644416	135
29925.970131	84.545143	0.035937	2.352582	136
29926.999891	64.419006	0.035933	1.792750	137
29928.069041	79.946487	0.035934	2.224836	138
29929.069992	68.814644	0.035934	1.915050	139
29930.164005	74.687927	0.035934	2.078487	140
29931.140077	90.199394	0.035935	2.510078	141
29932.260189	68.949959	0.035933	1.918844	142
29933.220945	82.670807	0.035933	2.300694	143
29934.331283	61.711063	0.035935	1.717283	144
29935.318460	88.629868	0.035932	2.466574	145
29936.384884	58.822971	0.035934	1.636967	146
29937.433389	84.632034	0.035936	2.355059	147
29938.429450	65.466278	0.035933	1.821894	148
29939.549342	75.880775	0.035939	2.111360	149
29940.491873	77.747040	0.035940	2.163267	150
29941.634571	68.782700	0.035936	1.914054	151
29942.578656	82.750587	0.035934	2.302835	152
29943.707828	61.682106	0.035932	1.716621	153
29944.675534	88.528152	0.035939	2.463300	154
29945.777594	61.496605	0.035939	1.711115	155
29946.768003	90.660614	0.035936	2.522823	156
29947.848142	61.765972	0.035932	1.718950	157
29948.858989	87.377365	0.035933	2.431694	158
29949.914743	61.787910	0.035937	1.719358	159
29950.946775	86.692383	0.035937	2.412362	160
29952.004820	59.322418	0.035933	1.650905	161
29953.022991	89.388832	0.035939	2.487263	162
29954.092958	60.053654	0.035937	1.671095	163
29955.096871	91.286964	0.035932	2.540533	164
29956.183016	59.524727	0.035933	1.656539	165
29957.165258	90.826935	0.035933	2.527647	166
29958.289120	62.163483	0.035934	1.729912	167
29959.234015	86.171455	0.035940	2.397644	168
29960.376583	68.331062	0.035933	1.901600	169
29961.308568	75.674301	0.035934	2.105932	170
29962.445141	80.205116	0.035932	2.232147	171
29963.413076	66.192947	0.035939	1.841811	172
29964.496050	90.324760	0.035933	2.513723	173
29965.532006	59.697231	0.035932	1.661415	174
29966.546061	94.493011	0.035932	2.629748	175
29967.644149	61.464874	0.035934	1.710515	176
29968.610222	88.952515	0.035938	2.475158	177
29969.732332	68.971153	0.035940	1.919061	178
29970.688269	82.186859	0.035936	2.287007	179
29971.808420	76.119003	0.035934	2.118291	180
29972.780357	76.776718	0.035933	2.136691	181
29973.882544	80.474129	0.035937	2.239307	182
29974.866495	75.995705	0.035934	2.114840	183
29975.958679	80.920715	0.035932	2.252053	184
29976.952592	71.042084	0.035933	1.977089	185
29978.042688	85.033356	0.035935	2.366332	186
29979.034786	71.152687	0.035934	1.980086	187
29980.122640	83.592796	0.035932	2.326407	188
29981.110281	73.645401	0.035929	2.049722	189
29982.211333	81.628365	0.035935	2.271570	190
29983.190820	77.118011	0.035938	2.145834	191
29984.296868	79.266167	0.035932	2.205984	192
29985.268948	79.685265	0.035931	2.217731	193
29986.381956	75.963303	0.035933	2.114031	194
29987.351812	86.656128	0.035932	2.411658	195
29988.464426	68.631851	0.035933	1.910005	196
29989.448523	93.852348	0.035936	2.611645	197
29990.528561	66.352905	0.035933	1.846587	198
29991.546624	93.047501	0.035934	2.589391	199
29992.578767	68.644211	0.035938	1.910068	200
29993.660878	87.339287	0.035936	2.430400	201
29994.634697	76.118736	0.035937	2.118140	202
29995.758833	77.827736	0.035937	2.165680	203
29996.706262	85.646904	0.035934	2.383470	204
29997.848969	72.853485	0.035934	2.027430	205
29998.798097	90.351463	0.035934	2.514388	206
29999.915476	67.060410	0.035934	1.866222	207
30000.887460	95.825951	0.035933	2.666800	208
30001.987485	65.522690	0.035938	1.823193	209
30002.978079	95.693459	0.035939	2.662654	210
30004.060042	65.353683	0.035937	1.818568	211
30005.063876	96.137321	0.035932	2.675499	212
30006.151052	65.696068	0.035933	1.828290	213
30007.142252	96.335007	0.035934	2.680918	214
30008.236415	64.287994	0.035938	1.788869	215
30009.212819	98.006081	0.035939	2.726982	216
30010.324726	66.767578	0.035940	1.857766	217
