time (s)	energy (uJ)	charge (mC)	voltage (mV)	crossing#mod 255
431509.737620	104.137070	0.035932	2.898169	55
431510.852281	70.454315	0.035934	1.960684	56
431511.802323	86.421944	0.035934	2.405009	57
431512.916418	77.742241	0.035936	2.163336	58
431513.898732	90.096283	0.035932	2.507430	59
431515.012803	76.640419	0.035934	2.132801	60
431515.996598	81.345139	0.035933	2.263805	61
431517.047217	78.715927	0.035934	2.190563	62
431518.093610	92.617859	0.035935	2.577376	63
431519.144225	69.290062	0.035932	1.928349	64
431520.158817	84.409004	0.035936	2.348850	65
431521.239234	75.680672	0.035934	2.106115	66
431522.253668	102.230362	0.035933	2.845018	67
431523.336302	68.280121	0.035933	1.900185	68
431524.318316	90.030075	0.035931	2.505632	69
431525.436186	68.260277	0.035932	1.899699	70
431526.416572	99.162483	0.035932	2.759727	71
431527.497056	71.398132	0.035933	1.986954	72
431528.480806	95.714470	0.035931	2.663827	73
431529.597332	74.329330	0.035934	2.068490	74
431530.577173	94.540657	0.035934	2.630971	75
431531.659181	68.409019	0.035932	1.903853	76
431532.675235	95.882690	0.035934	2.668267	77
431533.725073	69.518356	0.035936	1.934524	78
431534.739644	87.744629	0.035935	2.441761	79
431535.821686	75.554482	0.035934	2.102590	80
431536.835965	88.524330	0.035933	2.463624	81
431537.917914	83.067696	0.035932	2.311808	82
431538.933812	96.510307	0.035935	2.685666	83
431540.015889	187.418915	0.035932	5.215890	84
431541.000411	92.150032	0.035933	2.564482	85
431542.078700	74.167877	0.035936	2.063874	86
431543.062747	91.160934	0.035936	2.536788	87
431544.176656	71.836639	0.035934	1.999100	88
431545.160533	98.891869	0.035933	2.752135	89
431546.241102	71.677895	0.035939	1.994459	90
431547.257642	98.421188	0.035933	2.739027	91
431548.339692	77.394783	0.035936	2.153698	92
431549.355718	95.050987	0.035936	2.645041	93
431550.404702	80.787933	0.035935	2.248194	94
431551.418709	90.456253	0.035934	2.517309	95
431552.500735	79.553444	0.035931	2.214033	96
431553.515641	98.633423	0.035934	2.744829	97
431554.596130	76.315285	0.035935	2.123683	98
431555.581959	99.295677	0.035933	2.763326	99
431556.694030	79.404160	0.035936	2.209580	100
431557.677108	106.049110	0.035932	2.951393	101
431558.761063	72.225601	0.035934	2.009926	102
431559.741622	98.886131	0.035932	2.752066	103
431560.854821	80.036057	0.035932	2.227432	104
431561.841139	103.914612	0.035933	2.891920	105
431562.919199	73.487648	0.035935	2.044996	106
431563.935489	100.810524	0.035933	2.805485	107
431565.019264	80.125854	0.035932	2.229934	108
431566.032502	103.073410	0.035935	2.868343	109
431567.084216	81.453850	0.035936	2.266653	110
431568.096939	99.825844	0.035933	2.778147	111
431569.181208	80.068283	0.035932	2.228318	112
431570.195235	102.440918	0.035932	2.850980	113
431571.243317	79.503204	0.035936	2.212382	114
431572.258159	98.099297	0.035934	2.729989	115
431573.340094	78.887100	0.035936	2.195236	116
431574.355964	107.519478	0.035931	2.992410	117
431575.438052	77.549477	0.035932	2.158205	118
431576.420340	101.064842	0.035935	2.812436	119
431577.534576	78.103363	0.035937	2.173315	120
431578.518220	108.677269	0.035931	3.024636	121
431579.598848	77.987587	0.035931	2.170474	122
431580.582912	103.460495	0.035937	2.878905	123
431581.695743	81.447136	0.035937	2.266411	124
431582.681544	103.637131	0.035936	2.883938	125
431583.760311	82.923241	0.035934	2.307632	126
431584.776703	100.437027	0.035934	2.795047	127
431585.858243	90.933098	0.035934	2.530529	128
431586.873101	101.153412	0.035935	2.814884	129
431587.921074	90.207001	0.035933	2.510404	130
431588.937215	98.325630	0.035934	2.736278	131
431590.019006	82.717812	0.035935	2.301890	132
431591.035043	108.027267	0.035932	3.006442	133
431592.115273	81.949791	0.035934	2.280559	134
431593.099549	108.940918	0.035934	3.031688	135
431594.213481	83.909126	0.035932	2.335210	136
431595.199240	112.331894	0.035938	3.125737	137
431596.277687	81.488594	0.035933	2.267820	138
431597.261332	106.641426	0.035937	2.967467	139
431598.375335	87.408577	0.035932	2.432612	140
431599.357727	102.501640	0.035931	2.852700	141
431600.439387	87.409523	0.035932	2.432623	142
431601.455357	104.038994	0.035931	2.895512	143
431602.537376	94.384232	0.035934	2.626623	144
431603.521385	96.967957	0.035933	2.698575	145
431604.601372	91.453705	0.035932	2.545222	146
431605.617412	102.823105	0.035931	2.861698	147
431606.697649	92.709808	0.035933	2.580096	148
431607.713883	103.259575	0.035935	2.873528	149
431608.761901	90.541985	0.035936	2.519509	150
431609.779618	352.893890	0.035934	9.820669	151
431610.859618	92.206825	0.035931	2.566214	152
431611.875598	104.788483	0.035927	2.916718	153
431612.923915	88.954010	0.035937	2.475290	154
431613.971923	106.494286	0.035933	2.963717	155
431615.021717	162.930374	0.035932	4.534351	156
431616.035921	103.438972	0.035933	2.878627	157
431617.119568	96.377998	0.035934	2.682110	158
431618.135934	107.488380	0.035938	2.990902	159
431619.183987	92.064072	0.035933	2.562125	160
431620.199981	102.712234	0.035936	2.858228	161
431621.278812	95.711502	0.035936	2.663371	162
431622.295423	110.006264	0.035936	3.061152	163
431623.381077	95.649132	0.035934	2.661826	164
431624.361649	104.826401	0.035933	2.917306	165
431625.474652	93.315361	0.035936	2.596714	166
431626.459156	111.428001	0.035936	3.100732	167
431627.538748	89.134895	0.035926	2.481061	168
431628.521670	112.899017	0.035933	3.141933	169
431629.635657	88.357948	0.035933	2.458958	170
431630.621502	115.765182	0.035933	3.221691	171
431631.702096	86.113503	0.035936	2.396301	172
431632.717085	118.676666	0.035935	3.302577	173
431633.798043	89.529922	0.035936	2.491347	174
431634.814060	116.112152	0.035937	3.230977	175
431635.862171	145.967499	0.035934	4.062151	176
431636.878189	108.068123	0.035935	3.007347	177
431637.961150	96.571594	0.035935	2.687405	178
431638.973707	107.561996	0.035932	2.993475	179
431640.023775	96.076897	0.035937	2.673468	180
431641.038590	106.600052	0.035938	2.966218	181
431642.120334	92.566444	0.035937	2.575805	182
431643.138387	115.321747	0.035934	3.209307	183
431644.217258	93.864166	0.035935	2.612038	184
431645.200950	109.175522	0.035932	3.038354	185
431646.316977	95.448036	0.035934	2.656201	186
431647.299284	114.670143	0.035934	3.191142	187
431648.379092	91.050621	0.035931	2.534027	188
431649.361921	111.006516	0.035932	3.089309	189
431650.475814	90.481018	0.035936	2.517865	190
431651.458708	116.469368	0.035931	3.241443	191
431652.572778	94.775841	0.035933	2.637587	192
431653.556637	121.448112	0.035936	3.379601	193
431654.637478	89.867004	0.035932	2.501001	194
431655.621189	115.940971	0.035933	3.226628	195
431656.735157	93.532555	0.035930	2.603204	196
431657.717664	117.823875	0.035934	3.278860	197
431658.801724	91.061348	0.035933	2.534217	198
431659.783788	113.075638	0.035933	3.146834	199
431660.899909	92.675453	0.035932	2.579213	200
431661.878638	117.298515	0.035935	3.264191	201
431662.992775	97.241676	0.035935	2.706075	202
431663.976583	118.174461	0.035931	3.288892	203
431665.057318	96.445084	0.035933	2.684060	204
431666.041200	114.754066	0.035937	3.193190	205
431667.157282	100.696968	0.035936	2.802138	206
431668.141328	113.348961	0.035935	3.154299	207
431669.219403	100.323761	0.035936	2.791718	208
431670.237447	114.183846	0.035934	3.177555	209
431671.315701	105.531242	0.035935	2.936722	210
431672.331809	116.378395	0.035932	3.238883	211
431673.381613	110.294662	0.035933	3.069441	212
431674.397707	114.993202	0.035935	3.199991	213
431675.478656	99.518806	0.035931	2.769710	214
431676.496722	117.153999	0.035934	3.260283	215
431677.542766	95.971252	0.035934	2.670738	216
431678.557048	116.009102	0.035931	3.228683	217
431679.639048	92.530632	0.035934	2.575042	218
431680.658966	126.268494	0.035937	3.513649	219
431681.737052	93.480789	0.035936	2.601331	220
431682.719508	120.092072	0.035935	3.341939	221
431683.834150	94.243683	0.035937	2.622493	222
431684.820207	122.868561	0.035937	3.419015	223
431685.898733	96.897079	0.035934	2.696558	224
431686.881302	116.752747	0.035937	3.248861	225
431687.995874	97.718437	0.035935	2.719283	226
431688.979924	122.442787	0.035938	3.407063	227
431690.059953	96.158775	0.035931	2.676180	228
431691.076034	121.869972	0.035935	3.391389	229
431692.156259	100.315239	0.035931	2.791866	230
431693.142091	119.669151	0.035935	3.330116	231
431694.256601	104.041878	0.035936	2.895196	232
431695.238660	120.465088	0.035931	3.352665	233
431696.322719	101.073639	0.035935	2.812715	234
431697.301523	113.810829	0.035935	3.167103	235
431698.415673	102.404785	0.035934	2.849770	236
431699.400458	120.766006	0.035935	3.360653	237
431700.512876	103.999039	0.035932	2.894366	238
431701.495156	123.729698	0.035932	3.443452	239
431702.577177	99.710045	0.035933	2.774916	240
431703.559248	123.599884	0.035937	3.439338	241
431704.675323	98.369240	0.035934	2.737529	242
431705.659028	126.483803	0.035932	3.520054	243
431706.737871	97.830215	0.035934	2.722504	244
431707.753981	128.892120	0.035935	3.586853	245
431708.840606	100.513680	0.035934	2.797156	246
431709.821224	125.850571	0.035935	3.502148	247
431710.900728	98.985443	0.035934	2.754632	248
431711.916733	124.129982	0.035937	3.454062	249
431712.997688	102.224800	0.035935	2.844709	250
431714.013742	122.519325	0.035932	3.409765	251
431715.061789	106.060318	0.035932	2.951686	252
431716.079859	116.458366	0.035937	3.240587	253
431717.158083	109.351540	0.035937	3.042884	254
431718.176006	120.994461	0.035935	3.367044	255
431719.257922	112.333092	0.035933	3.126163	0
431720.271965	123.788322	0.035934	3.444914	1
431721.320333	112.244057	0.035936	3.123440	2
431722.336311	119.003075	0.035934	3.311739	3
431723.420028	111.712044	0.035937	3.108528	4
431724.400619	115.646591	0.035935	3.218230	5
431725.514912	109.044388	0.035935	3.034511	6
431726.496947	119.540955	0.035934	3.326717	7
431727.579140	105.882553	0.035936	2.946453	8
431728.595256	123.902832	0.035933	3.448132	9
431729.672339	108.838608	0.035935	3.028732	10
431730.659637	122.441673	0.035935	3.407347	11
431731.773755	111.621437	0.035935	3.106235	12
431732.756154	122.948189	0.035932	3.421691	13
431733.837929	110.713455	0.035933	3.081090	14
431734.852503	123.978806	0.035929	3.450644	15
431735.934858	111.801712	0.035935	3.111204	16
431736.918634	121.020737	0.035935	3.367762	17
431737.998975	109.205086	0.035933	3.039119	18
431739.017606	122.516815	0.035933	3.409557	19
431740.095643	113.840660	0.035933	3.168175	20
431741.111954	122.638504	0.035933	3.412968	21
431742.159893	112.536079	0.035933	3.131852	22
431743.178255	122.320580	0.035935	3.403924	23
431744.258809	113.597038	0.035932	3.161474	24
431745.274003	124.153221	0.035936	3.454889	25
431746.322018	108.023376	0.035938	3.005786	26
431747.371778	128.984772	0.035932	3.589678	27
431748.422356	201.333572	0.035933	5.602993	28
431749.436361	129.513870	0.035936	3.604037	29
431750.517351	105.811508	0.035935	2.944488	30
431751.533422	134.994308	0.035937	3.756415	31
431752.613936	105.194717	0.035935	2.927333	32
431753.596236	133.830734	0.035938	3.723950	33
431754.678509	103.321457	0.035931	2.875549	34
431755.661502	126.795837	0.035934	3.528599	35
431756.775400	106.628670	0.035934	2.967328	36
431757.759129	131.358322	0.035932	3.655773	37
431758.877218	107.528526	0.035936	2.992245	38
431759.855625	132.611755	0.035933	3.690498	39
431760.937330	104.371315	0.035936	2.904327	40
431761.921392	130.784683	0.035935	3.639457	41
431763.034314	109.746849	0.035933	3.054197	42
431764.016194	134.200974	0.035933	3.734790	43
431765.132044	109.760559	0.035934	3.054472	44
431766.082032	127.867500	0.035932	3.558642	45
431767.196079	108.782509	0.035935	3.027170	46
431768.178365	133.575760	0.035932	3.717447	47
431769.292217	109.102966	0.035932	3.036395	48
431770.276199	138.881638	0.035936	3.864676	49
431771.358212	108.017944	0.035935	3.005938	50
431772.340745	135.954529	0.035937	3.783185	51
431773.454781	110.052483	0.035935	3.062563	52
431774.437143	138.788834	0.035933	3.862384	53
431775.520901	108.619980	0.035934	3.022754	54
431776.533501	139.433716	0.035932	3.880457	55
431777.616039	111.029381	0.035935	3.089751	56
431778.632151	139.267792	0.035934	3.875633	57
431779.680598	110.684021	0.035937	3.079948	58
431780.696288	133.277634	0.035932	3.709198	59
431781.776566	115.612526	0.035937	3.217045	60
431782.794402	134.033585	0.035934	3.729954	61
431783.840665	115.904839	0.035936	3.225326	62
431784.890489	133.648026	0.035933	3.719391	63
431785.941091	119.901375	0.035934	3.336699	64
431786.956161	133.238861	0.035937	3.707536	65
431788.037733	121.217995	0.035933	3.373409	66
431789.052278	135.108002	0.035932	3.760139	67
431790.100512	118.579681	0.035936	3.299725	68
431791.117297	132.289749	0.035937	3.681107	69
431792.197664	121.458038	0.035935	3.379962	70
431793.213931	137.135193	0.035937	3.815948	71
431794.294234	119.921051	0.035935	3.337199	72
431795.278062	129.552444	0.035936	3.605124	73
431796.358351	119.959351	0.035937	3.338048	74
431797.374477	134.976578	0.035933	3.756318	75
431798.456437	122.466049	0.035933	3.408187	76
431799.472262	138.657089	0.035931	3.859020	77
431800.553218	121.273628	0.035933	3.374973	78
431801.536954	130.943344	0.035933	3.644067	79
431802.617238	123.347145	0.035934	3.432584	80
431803.634942	134.644455	0.035934	3.746942	81
431804.715624	125.134575	0.035934	3.482306	82
431805.729854	138.605362	0.035936	3.856999	83
431806.779664	124.067802	0.035932	3.452867	84
431807.795700	135.611145	0.035933	3.773950	85
431808.875966	120.214928	0.035935	3.345312	86
431809.891953	136.879700	0.035933	3.809263	87
431810.942630	119.373138	0.035936	3.321850	88
431811.957190	136.437469	0.035932	3.797076	89
