crossing time (s)	slope (V/s)	crossing number
281474976710655.000000	1.243056	3671	4099463424.000000
281474976710655.000000	1.726462	3672	4100510208.000000
281474976710655.000000	1.275168	3673	4101544192.000000
281474976710655.000000	1.734134	3674	4102589440.000000
281474976710655.000000	1.275491	3675	4103632640.000000
281474976710655.000000	1.749696	3676	4104671744.000000
281474976710655.000000	1.286743	3677	4105709568.000000
281474976710655.000000	1.754694	3678	4106750720.000000
281474976710655.000000	1.313363	3679	4107794432.000000
281474976710655.000000	1.776009	3680	4108827904.000000
281474976710655.000000	1.293123	3681	4109886976.000000
281474976710655.000000	1.821018	3682	4110901248.000000
281474976710655.000000	1.322193	3683	4111972096.000000
281474976710655.000000	1.764573	3684	4112992000.000000
281474976710655.000000	1.300081	3685	4114044160.000000
281474976710655.000000	1.787871	3686	4115079680.000000
281474976710655.000000	1.320665	3687	4116125440.000000
281474976710655.000000	1.805051	3688	4117164800.000000
281474976710655.000000	1.341229	3689	4118205184.000000
281474976710655.000000	1.827493	3690	4119249152.000000
281474976710655.000000	1.330259	3691	4120284928.000000
281474976710655.000000	1.770821	3692	4121329152.000000
281474976710655.000000	1.339980	3693	4122364928.000000
281474976710655.000000	1.767733	3694	4123408896.000000
281474976710655.000000	1.350058	3695	4124456192.000000
281474976710655.000000	1.802003	3696	4125485056.000000
281474976710655.000000	1.377480	3697	4126542080.000000
281474976710655.000000	1.789033	3698	4127571456.000000
281474976710655.000000	1.379198	3699	4128619776.000000
281474976710655.000000	1.837571	3700	4129652736.000000
281474976710655.000000	1.393923	3701	4130702336.000000
281474976710655.000000	1.829552	3702	4131730176.000000
281474976710655.000000	1.381753	3703	4132789248.000000
281474976710655.000000	1.801021	3704	4133810944.000000
281474976710655.000000	1.382218	3705	4134871040.000000
281474976710655.000000	1.823858	3706	4135899392.000000
281474976710655.000000	1.406715	3707	4136950528.000000
281474976710655.000000	1.853829	3708	4137979136.000000
281474976710655.000000	1.405716	3709	4139037440.000000
281474976710655.000000	1.831557	3710	4140058112.000000
281474976710655.000000	1.412991	3711	4141118720.000000
281474976710655.000000	1.837843	3712	4142142720.000000
281474976710655.000000	1.464626	3713	4143201536.000000
281474976710655.000000	1.861562	3714	4144224768.000000
281474976710655.000000	1.433052	3715	4145280256.000000
281474976710655.000000	1.843326	3716	4146310400.000000
281474976710655.000000	1.452937	3717	4147355392.000000
281474976710655.000000	1.873108	3718	4148396800.000000
281474976710655.000000	1.453950	3719	4149437696.000000
281474976710655.000000	1.864187	3720	4150476544.000000
281474976710655.000000	1.442462	3721	4151520000.000000
281474976710655.000000	1.872493	3722	4152558080.000000
281474976710655.000000	1.409116	3723	4153605376.000000
281474976710655.000000	1.906895	3724	4154643456.000000
281474976710655.000000	1.451812	3725	4155688192.000000
281474976710655.000000	1.937603	3726	4156722432.000000
281474976710655.000000	1.456864	3727	4157773056.000000
281474976710655.000000	1.929041	3728	4158797824.000000
281474976710655.000000	1.448393	3729	4159855616.000000
281474976710655.000000	1.926236	3730	4160881920.000000
281474976710655.000000	1.483653	3731	4161938944.000000
281474976710655.000000	1.907294	3732	4162963456.000000
281474976710655.000000	1.542172	3733	4164027648.000000
281474976710655.000000	1.875907	3734	4165043456.000000
281474976710655.000000	1.321734	3735	4166090752.000000
281474976710655.000000	1.900868	3736	4167127040.000000
281474976710655.000000	1.580227	3737	4168177920.000000
281474976710655.000000	1.895428	3738	4169213440.000000
281474976710655.000000	1.531330	3739	4170265088.000000
281474976710655.000000	1.906086	3740	4171292928.000000
281474976710655.000000	1.522134	3741	4172340736.000000
281474976710655.000000	1.903900	3742	4173374720.000000
281474976710655.000000	1.560273	3743	4174426880.000000
281474976710655.000000	1.936641	3744	4175457536.000000
281474976710655.000000	1.555004	3745	4176511488.000000
281474976710655.000000	1.905401	3746	4177541376.000000
281474976710655.000000	1.567351	3747	4178590208.000000
281474976710655.000000	1.948778	3748	4179624448.000000
281474976710655.000000	1.585558	3749	4180677120.000000
281474976710655.000000	1.950839	3750	4181702912.000000
281474976710655.000000	1.591662	3751	4182759168.000000
281474976710655.000000	1.957902	3752	4183784192.000000
281474976710655.000000	1.584936	3753	4184845056.000000
281474976710655.000000	1.956072	3754	4185866496.000000
281474976710655.000000	1.586583	3755	4186925056.000000
281474976710655.000000	1.965935	3756	4187947264.000000
281474976710655.000000	1.568079	3757	4189009408.000000
281474976710655.000000	1.959542	3758	4190029312.000000
281474976710655.000000	1.584593	3759	4191091200.000000
281474976710655.000000	1.991193	3760	4192115200.000000
281474976710655.000000	1.587427	3761	4193165056.000000
281474976710655.000000	1.992059	3762	4194199040.000000
281474976710655.000000	1.594536	3763	4195249920.000000
281474976710655.000000	1.997979	3764	4196283136.000000
281474976710655.000000	1.604085	3765	4197330176.000000
281474976710655.000000	1.999427	3766	4198364672.000000
281474976710655.000000	1.617390	3767	4199412480.000000
281474976710655.000000	2.000772	3768	4200446208.000000
281474976710655.000000	1.633983	3769	4201491712.000000
281474976710655.000000	2.001650	3770	4202530560.000000
281474976710655.000000	1.635380	3771	4203578880.000000
281474976710655.000000	1.984758	3772	4204607744.000000
281474976710655.000000	1.652839	3773	4205656320.000000
281474976710655.000000	2.020150	3774	4206692608.000000
281474976710655.000000	1.678031	3775	4207743232.000000
281474976710655.000000	2.012218	3776	4208770048.000000
281474976710655.000000	1.729186	3777	4209825024.000000
281474976710655.000000	2.028836	3778	4210849024.000000
281474976710655.000000	1.683031	3779	4211906816.000000
281474976710655.000000	2.016608	3780	4212937728.000000
281474976710655.000000	1.710366	3781	4213992448.000000
281474976710655.000000	2.019444	3782	4215017472.000000
281474976710655.000000	1.716268	3783	4216071168.000000
281474976710655.000000	2.044713	3784	4217098496.000000
281474976710655.000000	1.704077	3785	4218156032.000000
281474976710655.000000	2.044741	3786	4219180800.000000
281474976710655.000000	1.730093	3787	4220233728.000000
281474976710655.000000	2.048738	3788	4221264896.000000
281474976710655.000000	1.743868	3789	4222316544.000000
281474976710655.000000	2.060440	3790	4223344384.000000
281474976710655.000000	1.725430	3791	4224399360.000000
281474976710655.000000	2.045891	3792	4225429504.000000
281474976710655.000000	1.748076	3793	4226476288.000000
281474976710655.000000	2.044136	3794	4227512320.000000
281474976710655.000000	1.751056	3795	4228562944.000000
281474976710655.000000	2.088900	3796	4229598208.000000
281474976710655.000000	1.722932	3797	4230643712.000000
281474976710655.000000	2.070853	3798	4231678976.000000
281474976710655.000000	1.741944	3799	4232726784.000000
281474976710655.000000	2.101936	3800	4233762304.000000
281474976710655.000000	1.738906	3801	4234808320.000000
281474976710655.000000	2.140341	3802	4235839488.000000
281474976710655.000000	1.751883	3803	4236892672.000000
281474976710655.000000	2.120389	3804	4237921792.000000
281474976710655.000000	1.764119	3805	4238970624.000000
281474976710655.000000	2.128111	3806	4240003328.000000
281474976710655.000000	1.725458	3807	4241059584.000000
281474976710655.000000	2.122821	3808	4242085632.000000
281474976710655.000000	1.732490	3809	4243142144.000000
281474976710655.000000	2.104163	3810	4244164352.000000
281474976710655.000000	1.788559	3811	4245226240.000000
281474976710655.000000	2.127973	3812	4246244608.000000
281474976710655.000000	1.807131	3813	4247305984.000000
281474976710655.000000	2.124082	3814	4248329984.000000
281474976710655.000000	1.821127	3815	4249389312.000000
281474976710655.000000	2.118817	3816	4250413056.000000
281474976710655.000000	1.824828	3817	4251471616.000000
281474976710655.000000	2.109087	3818	4252494592.000000
281474976710655.000000	1.809936	3819	4253553152.000000
281474976710655.000000	2.116533	3820	4254574848.000000
281474976710655.000000	1.818121	3821	4255625216.000000
281474976710655.000000	2.150682	3822	4256663808.000000
281474976710655.000000	1.860475	3823	4257716992.000000
281474976710655.000000	2.138525	3824	4258738688.000000
281474976710655.000000	1.841711	3825	4259798016.000000
281474976710655.000000	2.134161	3826	4260821504.000000
281474976710655.000000	1.863188	3827	4261878528.000000
281474976710655.000000	2.138205	3828	4262905600.000000
281474976710655.000000	1.884252	3829	4263960832.000000
281474976710655.000000	2.168645	3830	4264990464.000000
281474976710655.000000	1.858231	3831	4266040320.000000
281474976710655.000000	2.185091	3832	4267069952.000000
281474976710655.000000	1.832504	3833	4268127232.000000
281474976710655.000000	2.155441	3834	4269152000.000000
281474976710655.000000	1.826687	3835	4270208256.000000
281474976710655.000000	2.160127	3836	4271226112.000000
281474976710655.000000	1.819842	3837	4272293888.000000
281474976710655.000000	2.167768	3838	4273313792.000000
281474976710655.000000	1.856881	3839	4274370048.000000
281474976710655.000000	2.202977	3840	4275394560.000000
281474976710655.000000	1.899524	3841	4276454656.000000
281474976710655.000000	2.197693	3842	4277487360.000000
281474976710655.000000	1.895169	3843	4278525440.000000
281474976710655.000000	2.198696	3844	4279572736.000000
281474976710655.000000	1.882354	3845	4280605952.000000
281474976710655.000000	2.207637	3846	4281655296.000000
281474976710655.000000	1.869047	3847	4282684928.000000
281474976710655.000000	2.185713	3848	4283737856.000000
281474976710655.000000	1.874761	3849	4284770048.000000
281474976710655.000000	2.173463	3850	4285819392.000000
281474976710655.000000	1.937494	3851	4286849280.000000
281474976710655.000000	2.232920	3852	4287890176.000000
281474976710655.000000	1.899851	3853	4288944384.000000
281474976710655.000000	2.219753	3854	4289974784.000000
281474976710655.000000	1.921147	3855	4291019264.000000
281474976710655.000000	2.191439	3856	4292058624.000000
281474976710655.000000	1.900645	3857	4293109504.000000
281474976710655.000000	2.211725	3858	4294136064.000000
281474976710655.000000	1.933154	3859	4295189504.000000
281474976710655.000000	2.194362	3860	4296220672.000000
281474976710655.000000	1.958550	3861	4297267712.000000
281474976710655.000000	2.221365	3862	4298302464.000000
281474976710655.000000	1.959542	3863	4299351552.000000
281474976710655.000000	2.215249	3864	4300384256.000000
281474976710655.000000	2.010085	3865	4301431808.000000
281474976710655.000000	2.245216	3866	4302467584.000000
281474976710655.000000	1.967563	3867	4303515136.000000
281474976710655.000000	2.242589	3868	4304547328.000000
281474976710655.000000	1.963137	3869	4305596928.000000
281474976710655.000000	2.235631	3870	4306634240.000000
281474976710655.000000	1.991240	3871	4307679744.000000
281474976710655.000000	2.262518	3872	4308716032.000000
281474976710655.000000	1.998280	3873	4309761024.000000
281474976710655.000000	2.256889	3874	4310795776.000000
281474976710655.000000	2.168128	3875	4311831040.000000
281474976710655.000000	2.255299	3876	4312893440.000000
281474976710655.000000	1.931403	3877	4313914880.000000
281474976710655.000000	2.293575	3878	4314961408.000000
281474976710655.000000	1.962327	3879	4316002816.000000
281474976710655.000000	2.293496	3880	4317049344.000000
281474976710655.000000	2.001682	3881	4318081536.000000
281474976710655.000000	2.296130	3882	4319127552.000000
281474976710655.000000	2.009892	3883	4320169984.000000
281474976710655.000000	2.323335	3884	4321209344.000000
281474976710655.000000	2.041490	3885	4322250752.000000
281474976710655.000000	2.311529	3886	4323291136.000000
281474976710655.000000	2.015855	3887	4324338688.000000
281474976710655.000000	2.326019	3888	4325372416.000000
281474976710655.000000	2.014212	3889	4326420480.000000
281474976710655.000000	2.331500	3890	4327449088.000000
281474976710655.000000	2.052122	3891	4328502784.000000
281474976710655.000000	2.330067	3892	4329531392.000000
281474976710655.000000	3.277417	3893	4330596352.000000
281474976710655.000000	2.314136	3894	4331608576.000000
281474976710655.000000	2.062324	3895	4332675072.000000
281474976710655.000000	2.330716	3896	4333691392.000000
281474976710655.000000	2.119556	3897	4334757376.000000
281474976710655.000000	2.315812	3898	4335772160.000000
281474976710655.000000	2.114804	3899	4336840704.000000
281474976710655.000000	2.340437	3900	4337854976.000000
281474976710655.000000	2.139429	3901	4338918400.000000
281474976710655.000000	2.328228	3902	4339940352.000000
281474976710655.000000	2.135134	3903	4340998144.000000
281474976710655.000000	2.347220	3904	4342021120.000000
281474976710655.000000	2.127699	3905	4343081472.000000
281474976710655.000000	2.336280	3906	4344102400.000000
281474976710655.000000	2.145115	3907	4345166848.000000
281474976710655.000000	2.358993	3908	4346184192.000000
281474976710655.000000	2.185875	3909	4347248640.000000
281474976710655.000000	2.368133	3910	4348265472.000000
281474976710655.000000	2.149530	3911	4349328384.000000
281474976710655.000000	2.336365	3912	4350347264.000000
281474976710655.000000	2.144799	3913	4351414272.000000
281474976710655.000000	2.337321	3914	4352428544.000000
281474976710655.000000	2.184973	3915	4353499648.000000
281474976710655.000000	2.445071	3916	4354512896.000000
281474976710655.000000	2.185419	3917	4355571712.000000
281474976710655.000000	2.258870	3918	4356596224.000000
281474976710655.000000	2.135081	3919	4357651968.000000
281474976710655.000000	2.372583	3920	4358679040.000000
281474976710655.000000	2.124197	3921	4359734272.000000
281474976710655.000000	2.381233	3922	4360761856.000000
281474976710655.000000	2.120787	3923	4361818112.000000
281474976710655.000000	2.375848	3924	4362844672.000000
281474976710655.000000	2.142100	3925	4363899392.000000
281474976710655.000000	2.372824	3926	4364928512.000000
281474976710655.000000	2.162498	3927	4365979648.000000
281474976710655.000000	2.393736	3928	4367010816.000000
281474976710655.000000	2.171375	3929	4368064000.000000
281474976710655.000000	2.385699	3930	4369091584.000000
281474976710655.000000	2.187406	3931	4370142720.000000
281474976710655.000000	2.397990	3932	4371177984.000000
281474976710655.000000	2.190479	3933	4372225536.000000
281474976710655.000000	2.389272	3934	4373260288.000000
281474976710655.000000	2.185796	3935	4374302720.000000
281474976710655.000000	2.378215	3936	4375337984.000000
281474976710655.000000	2.163727	3937	4376385536.000000
281474976710655.000000	2.398392	3938	4377421824.000000
281474976710655.000000	2.147737	3939	4378468352.000000
281474976710655.000000	2.384852	3940	4379505664.000000
281474976710655.000000	2.199055	3941	4380551168.000000
281474976710655.000000	2.396097	3942	4381588992.000000
281474976710655.000000	2.180802	3943	4382629888.000000
281474976710655.000000	2.366194	3944	4383670784.000000
281474976710655.000000	2.223995	3945	4384713216.000000
281474976710655.000000	2.401062	3946	4385753600.000000
281474976710655.000000	2.212972	3947	4386800640.000000
281474976710655.000000	2.395036	3948	4387834368.000000
281474976710655.000000	2.210896	3949	4388876800.000000
281474976710655.000000	2.392950	3950	4389916672.000000
281474976710655.000000	2.213677	3951	4390962176.000000
281474976710655.000000	2.408940	3952	4391997440.000000
281474976710655.000000	2.237147	3953	4393044480.000000
281474976710655.000000	2.400894	3954	4394080256.000000
281474976710655.000000	2.234098	3955	4395125760.000000
281474976710655.000000	2.426563	3956	4396162560.000000
281474976710655.000000	2.248419	3957	4397205504.000000
281474976710655.000000	2.413633	3958	4398241280.000000
281474976710655.000000	2.253566	3959	4399292416.000000
281474976710655.000000	2.432679	3960	4400325120.000000
281474976710655.000000	2.243056	3961	4401369600.000000
281474976710655.000000	2.414835	3962	4402409472.000000
281474976710655.000000	2.254543	3963	4403452928.000000
281474976710655.000000	2.432248	3964	4404489216.000000
281474976710655.000000	2.232475	3965	4405537280.000000
281474976710655.000000	2.443519	3966	4406567424.000000
281474976710655.000000	2.291652	3967	4407617024.000000
281474976710655.000000	2.462533	3968	4408652800.000000
281474976710655.000000	2.303658	3969	4409700864.000000
281474976710655.000000	2.469007	3970	4410731520.000000
281474976710655.000000	2.241003	3971	4411784192.000000
281474976710655.000000	2.457013	3972	4412814336.000000
281474976710655.000000	2.279159	3973	4413867520.000000
281474976710655.000000	2.483358	3974	4414894080.000000
281474976710655.000000	2.308869	3975	4415951872.000000
281474976710655.000000	2.454722	3976	4416978432.000000
281474976710655.000000	2.282583	3977	4418033152.000000
281474976710655.000000	2.454571	3978	4419059200.000000
281474976710655.000000	2.283753	3979	4420117504.000000
281474976710655.000000	2.461707	3980	4421136384.000000
281474976710655.000000	2.288261	3981	4422199808.000000
