crossing time (s)	slope (V/s)	crossing number
281474976710655.000000	2.796185	13081	430676213760.000000
281474976710655.000000	2.800843	13082	430677229568.000000
281474976710655.000000	2.668146	13083	430678278144.000000
281474976710655.000000	2.892601	13084	430679326720.000000
281474976710655.000000	2.754663	13085	430680375296.000000
281474976710655.000000	2.760755	13086	430681423872.000000
281474976710655.000000	2.892320	13087	430682472448.000000
281474976710655.000000	2.800952	13088	430683488256.000000
281474976710655.000000	2.916661	13089	430684536832.000000
281474976710655.000000	2.880297	13090	430685585408.000000
281474976710655.000000	2.935594	13091	430686633984.000000
281474976710655.000000	2.692009	13092	430687682560.000000
281474976710655.000000	2.937130	13093	430688698368.000000
281474976710655.000000	2.869413	13094	430689779712.000000
281474976710655.000000	3.052077	13095	430690795520.000000
281474976710655.000000	2.842894	13096	430691844096.000000
281474976710655.000000	3.006578	13097	430692859904.000000
281474976710655.000000	2.840745	13098	430693941248.000000
281474976710655.000000	2.929753	13099	430694957056.000000
281474976710655.000000	2.949342	13100	430696038400.000000
281474976710655.000000	2.988028	13101	430697021440.000000
281474976710655.000000	3.053228	13102	430698102784.000000
281474976710655.000000	3.063647	13103	430699118592.000000
281474976710655.000000	2.942102	13104	430700199936.000000
281474976710655.000000	3.012349	13105	430701215744.000000
281474976710655.000000	3.018890	13106	430702297088.000000
281474976710655.000000	2.994189	13107	430703280128.000000
281474976710655.000000	3.211890	13108	430704361472.000000
281474976710655.000000	3.227844	13109	430705377280.000000
281474976710655.000000	3.011707	13110	430706458624.000000
281474976710655.000000	3.046144	13111	430707474432.000000
281474976710655.000000	3.118967	13112	430708555776.000000
281474976710655.000000	3.200082	13113	430709538816.000000
281474976710655.000000	3.092147	13114	430710620160.000000
281474976710655.000000	3.230815	13115	430711635968.000000
281474976710655.000000	3.139152	13116	430712717312.000000
281474976710655.000000	3.245528	13117	430713733120.000000
281474976710655.000000	3.122748	13118	430714781696.000000
281474976710655.000000	3.241168	13119	430715830272.000000
281474976710655.000000	3.020635	13120	430716878848.000000
281474976710655.000000	3.270606	13121	430717894656.000000
281474976710655.000000	3.292631	13122	430718943232.000000
281474976710655.000000	3.370266	13123	430719991808.000000
281474976710655.000000	3.337340	13124	430721040384.000000
281474976710655.000000	3.208974	13125	430722088960.000000
281474976710655.000000	3.254894	13126	430723104768.000000
281474976710655.000000	3.316716	13127	430724153344.000000
281474976710655.000000	3.262392	13128	430725201920.000000
281474976710655.000000	3.489212	13129	430726250496.000000
281474976710655.000000	3.442444	13130	430727299072.000000
281474976710655.000000	3.299283	13131	430728347648.000000
281474976710655.000000	3.486204	13132	430729363456.000000
281474976710655.000000	3.277377	13133	430730412032.000000
281474976710655.000000	3.376902	13134	430731460608.000000
281474976710655.000000	3.500869	13135	430732509184.000000
281474976710655.000000	3.556719	13136	430733557760.000000
281474976710655.000000	3.303038	13137	430734573568.000000
281474976710655.000000	3.440690	13138	430735622144.000000
281474976710655.000000	3.398013	13139	430736670720.000000
281474976710655.000000	3.524588	13140	430737719296.000000
281474976710655.000000	3.617548	13141	430738767872.000000
281474976710655.000000	3.407687	13142	430739783680.000000
281474976710655.000000	3.388667	13143	430740865024.000000
281474976710655.000000	3.633729	13144	430741880832.000000
281474976710655.000000	3.609362	13145	430742929408.000000
281474976710655.000000	3.324487	13146	430743977984.000000
281474976710655.000000	3.433133	13147	430745026560.000000
281474976710655.000000	3.463692	13148	430746042368.000000
281474976710655.000000	3.751014	13149	430747090944.000000
281474976710655.000000	3.603200	13150	430748139520.000000
281474976710655.000000	3.638457	13151	430749188096.000000
281474976710655.000000	3.353012	13152	430750236672.000000
281474976710655.000000	3.683113	13153	430751252480.000000
281474976710655.000000	3.609411	13154	430752333824.000000
281474976710655.000000	3.783762	13155	430753349632.000000
281474976710655.000000	3.491671	13156	430754398208.000000
281474976710655.000000	3.630078	13157	430755414016.000000
281474976710655.000000	3.701410	13158	430756495360.000000
281474976710655.000000	3.752882	13159	430757511168.000000
281474976710655.000000	3.615068	13160	430758592512.000000
281474976710655.000000	3.678093	13161	430759575552.000000
281474976710655.000000	3.718085	13162	430760656896.000000
281474976710655.000000	3.711824	13163	430761672704.000000
281474976710655.000000	3.742402	13164	430762754048.000000
281474976710655.000000	3.800230	13165	430763769856.000000
281474976710655.000000	3.673795	13166	430764851200.000000
281474976710655.000000	3.729102	13167	430765834240.000000
281474976710655.000000	3.786433	13168	430766915584.000000
281474976710655.000000	3.820179	13169	430767931392.000000
281474976710655.000000	3.718401	13170	430769012736.000000
281474976710655.000000	3.858755	13171	430770028544.000000
281474976710655.000000	3.788459	13172	430771077120.000000
281474976710655.000000	3.869238	13173	430772092928.000000
281474976710655.000000	3.643490	13174	430773174272.000000
281474976710655.000000	3.852316	13175	430774190080.000000
281474976710655.000000	4.087477	13176	430775238656.000000
281474976710655.000000	4.102362	13177	430776287232.000000
281474976710655.000000	3.782936	13178	430777335808.000000
281474976710655.000000	3.804658	13179	430778384384.000000
281474976710655.000000	3.731688	13180	430779400192.000000
281474976710655.000000	3.992589	13181	430780448768.000000
281474976710655.000000	4.037492	13182	430781497344.000000
281474976710655.000000	4.191217	13183	430782545920.000000
281474976710655.000000	3.992012	13184	430783594496.000000
281474976710655.000000	3.878933	13185	430784643072.000000
281474976710655.000000	3.924806	13186	430785658880.000000
281474976710655.000000	3.983671	13187	430786707456.000000
281474976710655.000000	4.052346	13188	430787756032.000000
281474976710655.000000	4.178944	13189	430788804608.000000
281474976710655.000000	4.090234	13190	430789820416.000000
281474976710655.000000	3.983017	13191	430790868992.000000
281474976710655.000000	4.023571	13192	430791917568.000000
281474976710655.000000	4.100609	13193	430792966144.000000
281474976710655.000000	4.268656	13194	430794014720.000000
281474976710655.000000	4.090260	13195	430795063296.000000
281474976710655.000000	4.009532	13196	430796079104.000000
281474976710655.000000	4.057329	13197	430797127680.000000
281474976710655.000000	4.229728	13198	430798176256.000000
281474976710655.000000	4.364694	13199	430799224832.000000
281474976710655.000000	4.120922	13200	430800240640.000000
281474976710655.000000	4.063239	13201	430801321984.000000
281474976710655.000000	4.115759	13202	430802337792.000000
281474976710655.000000	4.330441	13203	430803386368.000000
281474976710655.000000	4.295014	13204	430804434944.000000
281474976710655.000000	4.224996	13205	430805483520.000000
281474976710655.000000	3.884051	13206	430806532096.000000
281474976710655.000000	4.295331	13207	430807547904.000000
281474976710655.000000	4.185286	13208	430808629248.000000
281474976710655.000000	4.366597	13209	430809645056.000000
281474976710655.000000	4.140835	13210	430810693632.000000
281474976710655.000000	4.206749	13211	430811709440.000000
281474976710655.000000	4.221610	13212	430812790784.000000
281474976710655.000000	4.486156	13213	430813806592.000000
281474976710655.000000	4.185758	13214	430814887936.000000
281474976710655.000000	4.279569	13215	430815870976.000000
281474976710655.000000	4.256924	13216	430816952320.000000
281474976710655.000000	4.342608	13217	430817968128.000000
281474976710655.000000	4.323312	13218	430819049472.000000
281474976710655.000000	4.464186	13219	430820065280.000000
281474976710655.000000	4.233834	13220	430821113856.000000
281474976710655.000000	4.261390	13221	430822129664.000000
281474976710655.000000	4.473019	13222	430823211008.000000
281474976710655.000000	4.496563	13223	430824226816.000000
281474976710655.000000	4.363760	13224	430825308160.000000
281474976710655.000000	4.484585	13225	430826323968.000000
281474976710655.000000	4.340555	13226	430827372544.000000
281474976710655.000000	4.323164	13227	430828388352.000000
281474976710655.000000	4.332942	13228	430829469696.000000
281474976710655.000000	4.573708	13229	430830485504.000000
281474976710655.000000	4.700800	13230	430831534080.000000
281474976710655.000000	4.549103	13231	430832582656.000000
281474976710655.000000	4.298502	13232	430833631232.000000
281474976710655.000000	4.320758	13233	430834679808.000000
281474976710655.000000	4.264625	13234	430835695616.000000
281474976710655.000000	4.522367	13235	430836744192.000000
281474976710655.000000	4.720329	13236	430837792768.000000
281474976710655.000000	4.641874	13237	430838841344.000000
281474976710655.000000	4.447420	13238	430839857152.000000
281474976710655.000000	4.434439	13239	430840938496.000000
281474976710655.000000	4.459671	13240	430841954304.000000
281474976710655.000000	4.564221	13241	430843002880.000000
281474976710655.000000	4.664042	13242	430844051456.000000
281474976710655.000000	4.686529	13243	430845100032.000000
281474976710655.000000	4.556056	13244	430846115840.000000
281474976710655.000000	4.488786	13245	430847164416.000000
281474976710655.000000	4.648304	13246	430848212992.000000
281474976710655.000000	4.637446	13247	430849261568.000000
281474976710655.000000	4.772188	13248	430850310144.000000
281474976710655.000000	4.611916	13249	430851358720.000000
281474976710655.000000	4.458333	13250	430852374528.000000
281474976710655.000000	4.518475	13251	430853423104.000000
281474976710655.000000	4.833466	13252	430854471680.000000
281474976710655.000000	4.802092	13253	430855520256.000000
281474976710655.000000	4.544025	13254	430856536064.000000
281474976710655.000000	4.549135	13255	430857584640.000000
281474976710655.000000	4.644214	13256	430858633216.000000
281474976710655.000000	4.883514	13257	430859681792.000000
281474976710655.000000	4.673004	13258	430860730368.000000
281474976710655.000000	4.646622	13259	430861778944.000000
281474976710655.000000	4.508321	13260	430862827520.000000
281474976710655.000000	4.811917	13261	430863843328.000000
281474976710655.000000	4.888808	13262	430864891904.000000
281474976710655.000000	4.832489	13263	430865940480.000000
281474976710655.000000	4.485121	13264	430866989056.000000
281474976710655.000000	4.645760	13265	430868004864.000000
281474976710655.000000	4.909734	13266	430869086208.000000
281474976710655.000000	4.969190	13267	430870102016.000000
281474976710655.000000	4.731971	13268	430871150592.000000
281474976710655.000000	4.752939	13269	430872166400.000000
281474976710655.000000	4.803362	13270	430873247744.000000
281474976710655.000000	4.878225	13271	430874263552.000000
281474976710655.000000	4.776660	13272	430875344896.000000
281474976710655.000000	4.904666	13273	430876360704.000000
281474976710655.000000	4.771422	13274	430877409280.000000
281474976710655.000000	4.792011	13275	430878425088.000000
281474976710655.000000	4.975606	13276	430879506432.000000
281474976710655.000000	5.200002	13277	430880522240.000000
281474976710655.000000	4.964586	13278	430881570816.000000
281474976710655.000000	5.031959	13279	430882619392.000000
281474976710655.000000	5.022891	13280	430883667968.000000
281474976710655.000000	4.816772	13281	430884683776.000000
281474976710655.000000	5.053717	13282	430885765120.000000
281474976710655.000000	5.083508	13283	430886780928.000000
281474976710655.000000	5.266002	13284	430887829504.000000
281474976710655.000000	5.098865	13285	430888878080.000000
281474976710655.000000	4.726798	13286	430889926656.000000
281474976710655.000000	4.856973	13287	430890942464.000000
281474976710655.000000	5.306298	13288	430891991040.000000
281474976710655.000000	5.295701	13289	430893039616.000000
281474976710655.000000	5.118957	13290	430894088192.000000
281474976710655.000000	5.137484	13291	430895104000.000000
281474976710655.000000	5.041516	13292	430896152576.000000
281474976710655.000000	4.978230	13293	430897201152.000000
281474976710655.000000	5.165799	13294	430898249728.000000
281474976710655.000000	5.331913	13295	430899298304.000000
281474976710655.000000	5.090215	13296	430900346880.000000
281474976710655.000000	4.999764	13297	430901362688.000000
281474976710655.000000	5.063008	13298	430902411264.000000
281474976710655.000000	5.136737	13299	430903459840.000000
281474976710655.000000	5.389847	13300	430904508416.000000
281474976710655.000000	5.426836	13301	430905556992.000000
281474976710655.000000	5.086097	13302	430906605568.000000
281474976710655.000000	5.012080	13303	430907621376.000000
281474976710655.000000	5.173492	13304	430908669952.000000
281474976710655.000000	5.301121	13305	430909718528.000000
281474976710655.000000	5.417551	13306	430910767104.000000
281474976710655.000000	5.283122	13307	430911815680.000000
281474976710655.000000	5.013530	13308	430912831488.000000
281474976710655.000000	5.139855	13309	430913880064.000000
281474976710655.000000	5.432746	13310	430914928640.000000
281474976710655.000000	5.422382	13311	430915977216.000000
281474976710655.000000	5.022904	13312	430917025792.000000
281474976710655.000000	5.262356	13313	430918041600.000000
281474976710655.000000	5.386279	13314	430919122944.000000
281474976710655.000000	5.542744	13315	430920138752.000000
281474976710655.000000	5.264019	13316	430921187328.000000
281474976710655.000000	5.285139	13317	430922203136.000000
281474976710655.000000	5.183943	13318	430923284480.000000
281474976710655.000000	5.410709	13319	430924300288.000000
281474976710655.000000	5.472104	13320	430925381632.000000
281474976710655.000000	5.474675	13321	430926364672.000000
281474976710655.000000	5.154173	13322	430927446016.000000
281474976710655.000000	5.185685	13323	430928461824.000000
281474976710655.000000	5.607945	13324	430929543168.000000
281474976710655.000000	5.572596	13325	430930558976.000000
281474976710655.000000	5.268544	13326	430931640320.000000
281474976710655.000000	5.398468	13327	430932623360.000000
281474976710655.000000	5.246472	13328	430933704704.000000
281474976710655.000000	5.373276	13329	430934720512.000000
281474976710655.000000	5.531709	13330	430935801856.000000
281474976710655.000000	5.607360	13331	430936817664.000000
281474976710655.000000	5.309209	13332	430937866240.000000
281474976710655.000000	5.318612	13333	430938882048.000000
281474976710655.000000	5.232813	13334	430939963392.000000
281474976710655.000000	5.488533	13335	430940979200.000000
281474976710655.000000	5.620383	13336	430942027776.000000
281474976710655.000000	5.491128	13337	430943076352.000000
281474976710655.000000	5.364933	13338	430944124928.000000
281474976710655.000000	5.513027	13339	430945140736.000000
281474976710655.000000	5.407205	13340	430946189312.000000
281474976710655.000000	5.425021	13341	430947237888.000000
281474976710655.000000	5.528962	13342	430948286464.000000
281474976710655.000000	5.610429	13343	430949335040.000000
281474976710655.000000	5.582535	13344	430950383616.000000
281474976710655.000000	5.435129	13345	430951399424.000000
281474976710655.000000	5.326835	13346	430952448000.000000
281474976710655.000000	5.468327	13347	430953496576.000000
281474976710655.000000	5.692484	13348	430954545152.000000
281474976710655.000000	5.720921	13349	430955593728.000000
281474976710655.000000	5.546113	13350	430956609536.000000
281474976710655.000000	5.369019	13351	430957658112.000000
281474976710655.000000	5.507893	13352	430958706688.000000
281474976710655.000000	5.660409	13353	430959755264.000000
281474976710655.000000	5.745236	13354	430960803840.000000
281474976710655.000000	5.503111	13355	430961852416.000000
281474976710655.000000	5.423646	13356	430962868224.000000
281474976710655.000000	5.440761	13357	430963916800.000000
281474976710655.000000	5.751747	13358	430964965376.000000
281474976710655.000000	6.025701	13359	430966013952.000000
281474976710655.000000	5.531335	13360	430967062528.000000
281474976710655.000000	5.779733	13361	430968078336.000000
281474976710655.000000	5.777901	13362	430969126912.000000
281474976710655.000000	5.910007	13363	430970175488.000000
281474976710655.000000	5.943225	13364	430971224064.000000
281474976710655.000000	5.730524	13365	430972239872.000000
281474976710655.000000	5.538033	13366	430973321216.000000
281474976710655.000000	6.064899	13367	430974337024.000000
281474976710655.000000	6.010981	13368	430975385600.000000
281474976710655.000000	5.940039	13369	430976434176.000000
281474976710655.000000	5.567218	13370	430977482752.000000
281474976710655.000000	5.708728	13371	430978498560.000000
281474976710655.000000	6.048797	13372	430979579904.000000
281474976710655.000000	6.185415	13373	430980595712.000000
281474976710655.000000	5.931388	13374	430981644288.000000
281474976710655.000000	5.719100	13375	430982660096.000000
281474976710655.000000	5.630984	13376	430983741440.000000
281474976710655.000000	5.909773	13377	430984757248.000000
281474976710655.000000	6.161082	13378	430985838592.000000
281474976710655.000000	6.080133	13379	430986854400.000000
281474976710655.000000	5.593162	13380	430987902976.000000
281474976710655.000000	5.685019	13381	430988918784.000000
281474976710655.000000	5.927639	13382	430990000128.000000
281474976710655.000000	6.073885	13383	430991015936.000000
281474976710655.000000	6.174489	13384	430992064512.000000
281474976710655.000000	6.065483	13385	430993113088.000000
281474976710655.000000	5.635407	13386	430994161664.000000
281474976710655.000000	5.778710	13387	430995177472.000000
281474976710655.000000	6.073660	13388	430996226048.000000
281474976710655.000000	6.025573	13389	430997274624.000000
281474976710655.000000	6.097888	13390	430998323200.000000
281474976710655.000000	5.966707	13391	430999371776.000000
281474976710655.000000	5.869013	13392	431000387584.000000
281474976710655.000000	5.761220	13393	431001436160.000000
281474976710655.000000	6.122405	13394	431002484736.000000
281474976710655.000000	6.042493	13395	431003533312.000000
281474976710655.000000	6.138704	13396	431004581888.000000
281474976710655.000000	6.184039	13397	431005630464.000000
281474976710655.000000	6.004357	13398	431006646272.000000
281474976710655.000000	5.849943	13399	431007694848.000000
281474976710655.000000	5.977424	13400	431008743424.000000
281474976710655.000000	6.411157	13401	431009792000.000000
281474976710655.000000	6.166252	13402	431010840576.000000
281474976710655.000000	6.098990	13403	431011856384.000000
281474976710655.000000	5.919876	13404	431012904960.000000
281474976710655.000000	5.955752	13405	431013953536.000000
281474976710655.000000	6.149912	13406	431015002112.000000
281474976710655.000000	6.255337	13407	431016050688.000000
281474976710655.000000	5.886662	13408	431017066496.000000
281474976710655.000000	6.055923	13409	431018115072.000000
281474976710655.000000	6.044155	13410	431019163648.000000
281474976710655.000000	6.101205	13411	431020212224.000000
281474976710655.000000	6.246267	13412	431021260800.000000
281474976710655.000000	6.096900	13413	431022276608.000000
281474976710655.000000	5.997727	13414	431023325184.000000
281474976710655.000000	6.284283	13415	431024373760.000000
