num crossings	time (s)	maj axis (mm)	min axis (mm)	theta (rad )	slope (V/s)
13563	431179.571316	32.583219	-11.744773	3.089373	1.540688
13565	431181.653418	34.585061	-5.463833	3.116472	2.351478
13567	431183.762519	31.862156	-11.974448	3.052064	3.462690
13569	431185.838159	31.028016	-11.230951	3.134388	1.637939
13571	431187.942565	30.977343	-12.745227	2.964060	2.654456
13573	431190.010965	31.710057	-11.384489	3.085167	2.226882
13575	431192.099441	31.168467	-12.427462	2.994238	1.959839
13577	431194.182101	29.025047	-15.176337	2.996648	2.301168
13579	431196.261567	31.600804	11.220102	3.036044	1.451562
13581	431198.348111	31.928416	-11.787323	3.076969	2.590440
13583	431200.433370	31.329032	-11.164763	3.099760	1.872891
13585	431202.513417	31.855772	-11.436235	3.091418	1.861920
13587	431204.605661	31.461057	-11.153023	3.096803	2.381378
13589	431206.689542	31.211838	-12.318942	3.034643	2.420731
13591	431208.759178	34.629149	-6.548079	3.132245	1.909358
13593	431210.840245	32.124018	-11.517260	3.114148	2.338090
13595	431212.916898	30.231395	-6.629683	3.101136	2.385712
13597	431214.995701	32.302754	-11.532909	3.124666	2.391422
13599	431217.078642	32.021698	-11.686997	3.090041	1.926654
13601	431219.163941	30.899095	-8.057553	3.151617	2.466259
13603	431221.267196	32.024309	-11.566991	3.069640	2.419034
13605	431223.357390	31.648020	-10.946834	3.109828	2.323384
13607	431225.442836	32.521028	-11.506247	3.076401	2.378569
13609	431227.521629	32.007852	-10.950729	3.120318	2.086164
13611	431229.604964	32.370627	-11.201704	3.097540	2.392925
13613	431231.679643	32.374873	-10.857539	3.138328	2.241750
13615	431233.762181	32.397508	-10.833594	3.137763	2.279174
13617	431235.842069	30.498302	-6.322371	3.128714	2.458647
13619	431237.921859	32.341230	11.075621	3.057341	2.334058
13621	431240.010127	32.443002	-10.596928	3.151939	2.530331
13623	431242.093330	32.301387	-10.566810	3.153826	2.428371
13625	431244.183978	32.802130	-10.694390	3.138543	2.342421
13627	431246.272287	32.849377	11.894967	3.075525	2.509394
13629	431248.359977	33.009286	-11.685908	3.061024	2.492656
13631	431250.448449	32.885463	-10.855391	3.095648	2.340135
13633	431252.534418	32.440499	-10.761210	3.108179	2.351096
13635	431254.614781	33.141384	-10.662503	3.098716	2.396714
13637	431256.693734	33.923166	-11.270128	3.091048	2.348414
13639	431258.763838	33.032604	-10.836988	3.140184	2.215538
13641	431260.842474	32.897688	-10.604900	3.154453	2.449936
13643	431262.925854	29.946274	-6.944065	3.121836	2.450252
13645	431265.015086	32.986030	-10.470463	3.157589	2.686475
13647	431267.099666	33.335042	-10.650541	3.152253	2.477479
13649	431269.189870	32.636514	-10.882039	3.139945	2.548930
13651	431271.279494	33.016184	-5.253079	3.136085	2.558942
13653	431273.370051	33.467591	-11.364972	3.071014	2.450059
13655	431275.453797	33.155570	-10.436095	3.133330	2.695813
13657	431277.536197	33.211173	-10.416104	3.138511	2.602852
13659	431279.622556	33.657692	-10.527331	3.125988	2.459650
13661	431281.697665	33.776050	10.537715	3.078904	2.574897
13663	431283.783907	33.599908	10.586089	3.069984	2.755801
13665	431285.861581	33.849921	10.551527	3.072561	2.509278
13667	431287.943918	33.363015	-10.786540	3.137831	2.860193
13669	431290.021386	33.651479	-10.314306	3.149821	2.834101
13671	431292.105613	33.375894	-10.940693	3.114854	2.437325
13673	431294.192229	34.818457	-6.160247	3.140880	2.731945
13675	431296.279154	34.910530	10.750961	3.076517	2.518863
13677	431298.374009	34.311717	-10.745686	3.107856	2.675298
13679	431300.462083	33.878220	-10.555581	3.122180	2.405392
13681	431302.551842	32.807632	-10.963234	3.064224	2.714243
13683	431304.637728	33.166998	-13.506140	3.006643	2.647950
13685	431306.719579	33.824677	-11.022296	3.069303	2.703752
13687	431308.798680	33.786390	-10.762417	3.121513	2.541266
13689	431310.882288	34.413078	-10.367615	3.126553	2.768796
13691	431312.964301	34.435786	10.086412	3.080830	2.806137
13693	431315.051188	34.080858	-10.108986	3.143865	2.761115
13695	431317.136148	34.063391	-10.101638	3.140794	2.794836
13697	431319.223032	32.946055	-12.686521	3.091260	2.788725
13699	431321.308064	34.101874	-11.210171	3.058799	2.968689
13701	431323.389401	31.433472	-13.037240	3.021965	2.431927
13703	431325.471208	34.810832	-11.212389	3.062640	3.035987
13705	431327.553344	34.468964	-10.018462	3.143618	3.368496
13707	431329.628842	35.980282	-7.032011	3.179137	2.519292
13709	431331.705156	34.789081	-9.956050	3.165972	2.505106
13711	431333.785806	31.777224	-6.698391	3.138203	2.033645
13713	431335.870303	34.824252	-9.895655	3.170052	2.751150
13715	431337.956381	34.265456	-5.917995	3.147411	3.084862
13717	431340.043889	35.752228	-10.191526	3.153135	2.675494
13719	431342.130219	34.702850	-9.917105	3.166192	3.006765
13721	431344.214284	34.859384	10.070066	3.077966	3.005292
13723	431346.300272	35.115069	11.130502	3.095921	2.610009
13725	431348.383912	35.213663	-9.844536	3.166433	3.038056
13727	431350.466308	34.960480	-9.800535	3.170258	2.965194
13729	431352.548606	35.366532	-9.561380	3.175112	3.007037
13731	431354.632426	35.160676	-10.212733	3.152294	2.998216
13733	431356.711535	35.268364	-5.114022	3.151323	2.924142
13735	431358.796775	34.161688	-10.184054	3.151375	2.874785
13737	431360.883206	33.461743	-6.163338	3.141833	3.158612
13739	431362.971513	35.676969	10.428972	3.077714	2.701376
13741	431365.061635	35.560584	10.033751	3.075727	2.819268
13743	431367.149924	35.333041	-9.647250	3.164410	2.780970
13745	431369.240630	34.825750	-10.823279	3.100552	3.203868
13747	431371.327589	36.008171	-10.088045	3.123751	2.633448
13749	431373.407076	36.323797	9.791732	3.099185	2.939986
13751	431375.494001	35.670288	-9.676981	3.150367	3.254539
13753	431377.576748	35.622419	-9.697943	3.150116	2.937842
13755	431379.661122	35.737340	-9.690991	3.150820	2.711862
13757	431381.746248	35.756351	-9.669883	3.147103	3.242467
13759	431383.829500	34.526554	-12.940491	3.083305	3.019592
13761	431385.914315	35.959968	-9.670922	3.145330	2.999788
13763	431387.998205	36.185164	-13.711416	3.097594	3.204271
13765	431390.079174	36.501768	9.745164	3.086975	3.010742
13767	431392.157689	36.054525	-9.578551	3.166456	3.004955
13769	431394.232590	37.134829	-10.024013	3.149593	3.132488
13771	431396.314384	36.107285	-6.683446	3.165418	3.105756
13773	431398.394372	36.343396	-9.672108	3.174973	2.934137
13775	431400.477264	36.526026	-9.536599	3.176219	3.019416
13777	431402.563303	36.517946	-9.558853	3.175465	3.078702
13779	431404.650234	36.550303	-9.563292	3.174408	3.324478
13781	431406.734711	37.423165	-9.838124	3.158797	2.909774
13783	431408.819024	34.084854	-5.194302	3.159449	3.428915
13785	431410.904027	36.887366	-9.502632	3.172419	3.245974
13787	431412.987690	35.957768	-4.586156	3.145167	3.083354
13789	431415.068799	37.954675	-9.870268	3.155844	3.384733
13791	431417.152020	37.278865	-10.067956	3.139093	3.198654
13793	431419.236360	36.896330	-9.365076	3.172951	3.321055
13795	431421.319512	37.972741	9.485945	3.076634	3.426037
13797	431423.406368	37.705846	9.705977	3.084501	3.109014
13799	431425.496391	36.569054	-8.917497	3.173608	3.015313
13801	431427.585943	36.232626	-9.634645	3.160651	3.206269
13803	431429.674465	40.441386	-6.196260	3.187151	3.148498
13805	431431.763071	37.588551	-9.720602	3.151905	3.173701
13807	431433.846780	37.573628	9.564856	3.108541	3.189353
13809	431435.932901	37.713178	9.567509	3.107381	3.378865
13811	431438.017946	37.341614	-9.402195	3.158324	3.255013
13813	431440.096653	37.858049	-9.450199	3.159615	3.109570
13815	431442.186801	38.402343	-9.631198	3.148865	3.526026
13817	431444.266807	37.941400	9.746887	3.103747	3.233204
13819	431446.352219	37.084716	-10.119417	3.119672	3.487364
13821	431448.434968	37.626754	-9.372200	3.157710	3.544640
13823	431450.515499	37.888475	-6.370378	3.179821	3.253956
13825	431452.594877	37.896651	-9.382112	3.172851	3.304275
13827	431454.671608	37.768071	-6.458966	3.189338	3.218780
13829	431456.751444	38.587009	9.595483	3.092027	3.515399
13831	431458.835682	37.906559	-9.443016	3.179230	3.244971
13833	431460.918142	38.293603	-9.350904	3.178226	3.529333
13835	431463.004159	39.134596	-9.597906	3.156399	3.607416
13837	431465.088042	37.625367	-9.345626	3.179708	3.541351
13839	431467.173388	38.306543	-9.272852	3.175025	3.738368
13841	431469.258231	38.870972	-9.772122	3.150647	3.545257
13843	431471.342225	38.540876	-9.264834	3.174039	3.689420
13845	431473.426087	38.523346	-9.274507	3.173336	3.681860
13847	431475.508205	38.553870	-9.256275	3.172093	3.541208
13849	431477.592290	38.964025	-9.665607	3.152676	3.511996
13851	431479.678335	38.292517	-5.606335	3.162899	3.625835
13853	431481.765478	38.488490	-9.264292	3.170224	3.412761
13855	431483.850374	38.669600	-9.172433	3.176185	3.376451
13857	431485.942390	39.008938	9.353665	3.089108	3.718019
