num crossings	time (s)	maj axis (mm)	min axis (mm)	theta (rad )	slope (V/s)
5519	6026.277707	41.296450	5.625141	2.875570	3.655942
5521	6028.356955	41.141921	5.600467	2.876248	3.768003
5523	6030.438383	40.929242	5.194824	2.872791	3.682457
5525	6032.521174	42.770546	5.496312	2.806540	3.946436
5527	6034.603972	41.197544	5.156203	2.878278	3.717394
5529	6036.688453	41.119088	5.388611	2.880490	4.092554
5531	6038.769607	42.413942	7.448924	2.868593	3.854901
5533	6040.853211	41.559231	5.468522	2.880267	4.011098
5535	6042.932927	41.590613	5.660965	2.890511	3.886577
5537	6045.015476	40.848695	3.403046	2.910713	3.698641
5539	6047.102677	41.336262	5.293123	2.888025	3.893349
5541	6049.183268	41.401885	5.192462	2.890649	3.531600
5543	6051.269288	41.286921	5.188708	2.889701	3.754858
5545	6053.350008	41.542240	5.105809	2.890588	3.887760
5547	6055.433137	41.221218	5.024318	2.888725	3.739516
5549	6057.517307	43.272247	5.189352	2.821786	3.695358
5551	6059.598654	41.930659	5.322574	2.895365	3.788016
5553	6061.680906	43.871777	6.899226	2.881538	3.910727
5555	6063.762797	42.804126	5.691614	2.819099	3.650936
5557	6065.844981	41.126382	4.712795	2.889417	3.891678
5559	6067.926148	43.593063	5.250875	2.820786	3.878291
5561	6070.007870	43.806389	5.415761	2.830591	3.628381
5563	6072.087029	43.512012	4.834467	2.818355	4.139326
5565	6074.175343	41.427061	4.478069	2.892432	3.992802
5567	6076.257227	43.164442	5.015720	2.828506	3.759542
5569	6078.341596	41.695797	4.872284	2.897099	3.904376
5571	6080.422856	42.275148	4.456882	2.895042	3.880736
5573	6082.503496	41.522062	4.621164	2.898146	3.959907
5575	6084.585042	43.667535	4.804642	2.825642	3.703692
5577	6086.666511	41.454285	4.535412	2.896646	3.830466
5579	6088.749722	41.560370	4.532754	2.899159	3.942136
5581	6090.833497	41.504963	4.496093	2.901699	3.794065
5583	6092.916084	41.590669	4.444040	2.902208	3.936655
5585	6094.999529	41.668599	4.392033	2.902033	3.883418
5587	6097.081310	42.111680	4.531648	2.904791	3.782563
5589	6099.162238	41.664635	4.320266	2.903171	3.865951
5591	6101.243422	42.192285	4.575217	2.898891	3.931436
5593	6103.326482	43.536807	4.369615	2.833898	3.872019
5595	6105.410019	43.352215	4.297260	2.830289	3.940478
5597	6107.494071	42.614025	4.305174	2.901045	3.743274
5599	6109.577150	45.221705	5.129362	2.899733	3.914320
5601	6111.660131	43.936672	4.421554	2.828807	3.906058
5603	6113.743596	41.723667	4.037605	2.906196	3.959580
5605	6115.824954	41.935712	4.009220	2.905775	3.988265
5607	6117.908294	41.420798	5.972220	2.899320	3.920251
5609	6119.988265	41.537392	3.693013	2.906143	3.826165
5611	6122.069439	41.670719	3.621736	2.907152	4.060283
5613	6124.152561	41.858804	3.577137	2.907916	3.844224
5615	6126.236212	41.296991	3.906901	2.902474	4.005999
5617	6128.320093	42.044857	4.785663	2.912744	4.112722
5619	6130.399834	43.293975	4.234328	2.826515	3.978117
5621	6132.483606	41.907608	3.480086	2.910896	3.866940
5623	6134.566754	43.121422	4.452105	2.835104	4.062887
5625	6136.650319	41.248537	3.386364	2.909281	3.880164
5627	6138.731502	42.389443	3.714431	2.909130	4.036720
5629	6140.813639	41.627641	5.464451	2.903539	3.962006
5631	6142.897203	44.396349	3.838162	2.843073	4.070555
5633	6144.978560	42.162130	3.280524	2.911507	4.247831
5635	6147.061661	41.132788	3.228183	2.910726	4.044947
5637	6149.144496	42.077474	3.426895	2.917543	4.011222
5639	6151.230125	41.987372	3.314474	2.917310	4.054351
5641	6153.310484	43.860810	3.499072	2.851023	3.958982
5643	6155.396212	43.027934	3.411568	2.916087	3.941376
5645	6157.477961	41.536357	5.824812	2.904416	4.011653
5647	6159.559651	42.464250	3.023219	2.916730	3.902377
5649	6161.639460	43.503560	3.550239	2.842490	3.895510
5651	6163.722441	42.220638	3.156342	2.916637	4.116968
5653	6165.803619	42.220498	3.487701	2.921263	4.005521
5655	6167.885407	44.106043	3.415395	2.843890	4.044881
5657	6169.966147	42.317292	3.081657	2.909071	4.033343
5659	6172.049113	43.844938	2.902889	2.917647	4.046116
5661	6174.132618	44.004353	3.434602	2.849052	4.040511
5663	6176.215056	44.072064	3.204290	2.842611	4.040967
5665	6178.298594	44.117502	3.141316	2.845486	3.925425
5667	6180.381640	42.931960	3.042978	2.914943	3.828731
5669	6182.463569	42.418690	2.873318	2.922558	3.970513
5671	6184.546025	42.798035	2.616636	2.917297	3.808075
5673	6186.632046	42.501225	2.539289	2.918078	4.099019
5675	6188.716242	42.147814	2.760997	2.924456	3.966193
5677	6190.797796	42.460065	2.716830	2.922162	4.074051
5679	6192.880738	41.745960	4.867408	2.911529	4.136859
5681	6194.962498	41.815218	2.731753	2.921869	4.054660
5683	6197.042677	42.309247	2.592604	2.925877	4.074790
5685	6199.123645	41.113852	2.692996	2.920957	4.197198
5687	6201.205816	43.542131	1.184087	2.938167	4.040243
5689	6203.288466	42.566126	2.280994	2.923400	3.976529
5691	6205.371484	42.573161	2.496470	2.925748	4.020055
5693	6207.453600	41.143984	3.368873	2.922548	4.280868
5695	6209.537517	43.472032	2.455803	2.918223	4.256187
5697	6211.618379	42.726164	3.110209	2.926366	4.307420
5699	6213.702373	42.640616	2.317425	2.926850	4.145619
5701	6215.784269	44.709084	2.554225	2.927915	4.229363
5703	6217.864460	44.241733	2.668798	2.856368	4.107437
5705	6219.948512	42.688075	2.034443	2.925602	4.121880
5707	6222.027951	42.769392	2.099453	2.923625	3.772058
5709	6224.114828	41.992050	2.313831	2.927878	4.097860
5711	6226.196625	42.098967	2.109576	2.931163	3.754724
5713	6228.280966	42.661096	1.864140	2.928367	4.029067
5715	6230.363915	41.984068	2.252849	2.923910	4.229530
5717	6232.448521	42.862800	4.167999	2.916712	4.148402
5719	6234.529892	42.228846	1.974006	2.931454	4.023322
5721	6236.611020	44.771784	2.334200	2.855367	4.183914
5723	6238.693551	44.460340	2.931814	2.855627	4.041666
5725	6240.776849	42.805143	1.771419	2.931443	4.027832
5727	6242.857208	44.418894	3.374559	2.856544	4.206218
5729	6244.938978	43.273009	1.858829	2.923655	4.125807
5731	6247.022663	42.933585	1.834010	2.931354	4.113084
5733	6249.104901	42.627579	1.808031	2.933159	4.281964
5735	6251.187577	44.498986	2.597691	2.860405	4.092671
5737	6253.268442	42.927466	1.542695	2.930840	4.390382
5739	6255.350900	42.952994	1.503926	2.931144	4.016294
5741	6257.434716	42.253609	1.503129	2.931142	4.144721
5743	6259.515968	44.243874	3.740550	2.861344	4.120597
5745	6261.600279	43.670112	1.793644	2.928760	4.076979
5747	6263.682110	43.681402	1.611967	2.932698	4.184202
5749	6265.765906	42.735551	1.562944	2.935917	4.374411
5751	6267.848150	43.472534	1.644635	2.934212	4.136180
5753	6269.932075	42.902364	1.493380	2.935432	4.288536
5755	6272.015376	42.885377	1.504698	2.936423	4.120776
5757	6274.097348	42.849474	1.433333	2.933399	4.212999
5759	6276.179024	42.970645	1.457735	2.931814	4.457835
5761	6278.260538	42.996137	1.344343	2.935656	3.670160
5763	6280.342083	42.528555	1.471343	2.933834	3.943056
5765	6282.424132	42.713258	1.366597	2.937201	3.910890
5767	6284.506455	45.222403	1.872436	2.861414	4.207569
5769	6286.588857	44.808475	3.024114	2.858721	4.063751
5771	6288.669951	42.952696	1.068734	2.935191	4.202670
5773	6290.752898	42.489537	1.022506	2.934580	4.040261
5775	6292.833776	43.518256	1.245996	2.928889	4.339987
5777	6294.917406	45.690933	0.526348	2.942339	4.084688
5779	6296.999594	42.887399	1.137539	2.937137	4.213295
5781	6299.082086	41.887028	-1.157166	2.957649	4.246047
5783	6301.165147	44.508024	2.915592	2.861960	4.296185
5785	6303.247615	42.454468	0.838245	2.934673	4.100828
5787	6305.330299	43.226568	0.959528	2.927141	4.002520
5789	6307.411630	42.963533	-0.672898	2.951634	4.185936
5791	6309.494861	45.296579	2.548615	2.859023	4.250028
5793	6311.578929	43.353735	0.907611	2.931000	4.242779
5795	6313.660535	43.363581	1.113066	2.941549	4.128604
5797	6315.743643	42.817711	0.885812	2.941357	4.044043
5799	6317.829148	42.991542	0.626214	2.938082	4.186596
5801	6319.910361	41.357648	0.750736	2.924745	4.167911
5803	6321.992834	43.094358	0.806559	2.939696	4.123081
5805	6324.075693	43.893144	3.154226	2.923640	4.063738
