crossing time (s)	slope (V/s)	crossing number
281474976710655.000000	3.677891	9283	425789882368.000000
281474976710655.000000	4.374452	9284	425790963712.000000
281474976710655.000000	4.244869	9285	425791979520.000000
281474976710655.000000	3.918941	9286	425793028096.000000
281474976710655.000000	4.069032	9287	425794076672.000000
281474976710655.000000	4.076334	9288	425795125248.000000
281474976710655.000000	4.535820	9289	425796141056.000000
281474976710655.000000	3.600089	9290	425797222400.000000
281474976710655.000000	4.202040	9291	425798205440.000000
281474976710655.000000	3.887541	9292	425799319552.000000
281474976710655.000000	4.247656	9293	425800302592.000000
281474976710655.000000	4.190065	9294	425801416704.000000
281474976710655.000000	3.735543	9295	425802399744.000000
281474976710655.000000	4.348420	9296	425803481088.000000
281474976710655.000000	3.965580	9297	425804496896.000000
281474976710655.000000	3.950777	9298	425805545472.000000
281474976710655.000000	4.153430	9299	425806594048.000000
281474976710655.000000	3.824876	9300	425807642624.000000
281474976710655.000000	4.458059	9301	425808658432.000000
281474976710655.000000	3.813266	9302	425809739776.000000
281474976710655.000000	4.254643	9303	425810722816.000000
281474976710655.000000	3.786164	9304	425811836928.000000
281474976710655.000000	4.300658	9305	425812787200.000000
281474976710655.000000	4.308861	9306	425813901312.000000
281474976710655.000000	4.118690	9307	425814884352.000000
281474976710655.000000	4.294557	9308	425815998464.000000
281474976710655.000000	3.952878	9309	425816981504.000000
281474976710655.000000	4.325387	9310	425818062848.000000
281474976710655.000000	4.001105	9311	425819078656.000000
281474976710655.000000	4.279811	9312	425820127232.000000
281474976710655.000000	4.037296	9313	425821175808.000000
281474976710655.000000	4.318558	9314	425822224384.000000
281474976710655.000000	4.199371	9315	425823240192.000000
281474976710655.000000	4.141613	9316	425824321536.000000
281474976710655.000000	4.231231	9317	425825337344.000000
281474976710655.000000	4.228779	9318	425826385920.000000
281474976710655.000000	4.211835	9319	425827434496.000000
281474976710655.000000	4.333796	9320	425828483072.000000
281474976710655.000000	4.178653	9321	425829498880.000000
281474976710655.000000	4.270809	9322	425830547456.000000
281474976710655.000000	4.108130	9323	425831596032.000000
281474976710655.000000	4.416633	9324	425832644608.000000
281474976710655.000000	4.207935	9325	425833660416.000000
281474976710655.000000	4.297906	9326	425834741760.000000
281474976710655.000000	4.060680	9327	425835724800.000000
281474976710655.000000	4.320129	9328	425836838912.000000
281474976710655.000000	4.315262	9329	425837821952.000000
281474976710655.000000	4.280620	9330	425838936064.000000
281474976710655.000000	4.353954	9331	425839919104.000000
281474976710655.000000	4.108199	9332	425841000448.000000
281474976710655.000000	4.479513	9333	425841983488.000000
281474976710655.000000	4.076370	9334	425843064832.000000
281474976710655.000000	4.501782	9335	425844080640.000000
281474976710655.000000	4.113971	9336	425845161984.000000
281474976710655.000000	4.382152	9337	425846177792.000000
281474976710655.000000	4.314499	9338	425847226368.000000
281474976710655.000000	4.241943	9339	425848274944.000000
281474976710655.000000	4.409389	9340	425849323520.000000
281474976710655.000000	4.223984	9341	425850339328.000000
281474976710655.000000	4.434994	9342	425851420672.000000
281474976710655.000000	4.289592	9343	425852403712.000000
281474976710655.000000	4.345550	9344	425853517824.000000
281474976710655.000000	4.333518	9345	425854500864.000000
281474976710655.000000	4.225355	9346	425855614976.000000
281474976710655.000000	4.415750	9347	425856565248.000000
281474976710655.000000	4.201659	9348	425857679360.000000
281474976710655.000000	4.513311	9349	425858662400.000000
281474976710655.000000	4.127253	9350	425859776512.000000
281474976710655.000000	4.519027	9351	425860759552.000000
281474976710655.000000	4.133661	9352	425861840896.000000
281474976710655.000000	4.556125	9353	425862823936.000000
281474976710655.000000	4.161922	9354	425863938048.000000
281474976710655.000000	4.604653	9355	425864921088.000000
281474976710655.000000	4.112030	9356	425866002432.000000
281474976710655.000000	4.560863	9357	425867018240.000000
281474976710655.000000	4.176456	9358	425868099584.000000
281474976710655.000000	4.582489	9359	425869082624.000000
281474976710655.000000	4.196424	9360	425870163968.000000
281474976710655.000000	4.666518	9361	425871179776.000000
281474976710655.000000	4.149784	9362	425872261120.000000
281474976710655.000000	4.617501	9363	425873244160.000000
281474976710655.000000	4.224447	9364	425874358272.000000
281474976710655.000000	4.554440	9365	425875341312.000000
281474976710655.000000	4.237551	9366	425876455424.000000
281474976710655.000000	4.561621	9367	425877405696.000000
281474976710655.000000	4.363759	9368	425878519808.000000
281474976710655.000000	4.379294	9369	425879502848.000000
281474976710655.000000	4.512225	9370	425880616960.000000
281474976710655.000000	4.339090	9371	425881600000.000000
281474976710655.000000	4.657514	9372	425882681344.000000
281474976710655.000000	4.271670	9373	425883697152.000000
281474976710655.000000	4.599717	9374	425884745728.000000
281474976710655.000000	4.340237	9375	425885794304.000000
281474976710655.000000	4.452297	9376	425886842880.000000
281474976710655.000000	4.599260	9377	425887858688.000000
281474976710655.000000	4.369661	9378	425888907264.000000
281474976710655.000000	4.665088	9379	425889955840.000000
281474976710655.000000	4.309080	9380	425891004416.000000
281474976710655.000000	4.748490	9381	425892020224.000000
281474976710655.000000	4.212895	9382	425893101568.000000
281474976710655.000000	4.687027	9383	425894084608.000000
281474976710655.000000	4.322014	9384	425895198720.000000
281474976710655.000000	4.618876	9385	425896181760.000000
281474976710655.000000	4.374740	9386	425897295872.000000
281474976710655.000000	4.458903	9387	425898246144.000000
281474976710655.000000	4.429305	9388	425899360256.000000
281474976710655.000000	4.467815	9389	425900343296.000000
281474976710655.000000	4.571250	9390	425901457408.000000
281474976710655.000000	4.465689	9391	425902440448.000000
281474976710655.000000	4.737006	9392	425903521792.000000
281474976710655.000000	4.409635	9393	425904504832.000000
281474976710655.000000	4.670048	9394	425905618944.000000
281474976710655.000000	4.400503	9395	425906601984.000000
281474976710655.000000	4.689731	9396	425907683328.000000
281474976710655.000000	4.455812	9397	425908699136.000000
281474976710655.000000	4.659687	9398	425909780480.000000
281474976710655.000000	4.384211	9399	425910763520.000000
281474976710655.000000	4.660780	9400	425911877632.000000
281474976710655.000000	4.448708	9401	425912860672.000000
281474976710655.000000	4.660315	9402	425913942016.000000
281474976710655.000000	4.446324	9403	425914925056.000000
281474976710655.000000	4.709868	9404	425916039168.000000
281474976710655.000000	4.416196	9405	425917022208.000000
281474976710655.000000	4.667072	9406	425918103552.000000
281474976710655.000000	4.643176	9407	425919119360.000000
281474976710655.000000	4.689834	9408	425920200704.000000
281474976710655.000000	4.553111	9409	425921183744.000000
281474976710655.000000	4.750722	9410	425922297856.000000
281474976710655.000000	4.550556	9411	425923280896.000000
281474976710655.000000	4.554386	9412	425924362240.000000
281474976710655.000000	4.598568	9413	425925345280.000000
281474976710655.000000	4.468629	9414	425926459392.000000
281474976710655.000000	4.712695	9415	425927442432.000000
281474976710655.000000	4.473538	9416	425928556544.000000
281474976710655.000000	4.654773	9417	425929539584.000000
281474976710655.000000	4.513590	9418	425930620928.000000
281474976710655.000000	4.843074	9419	425931636736.000000
281474976710655.000000	4.437006	9420	425932685312.000000
281474976710655.000000	4.749819	9421	425933701120.000000
281474976710655.000000	4.588753	9422	425934782464.000000
281474976710655.000000	4.727411	9423	425935798272.000000
281474976710655.000000	4.650214	9424	425936846848.000000
281474976710655.000000	4.648492	9425	425937895424.000000
281474976710655.000000	4.693322	9426	425938944000.000000
281474976710655.000000	4.599778	9427	425939959808.000000
281474976710655.000000	4.696474	9428	425941041152.000000
281474976710655.000000	4.576022	9429	425942056960.000000
281474976710655.000000	4.745824	9430	425943138304.000000
281474976710655.000000	4.527394	9431	425944121344.000000
281474976710655.000000	4.737640	9432	425945202688.000000
281474976710655.000000	4.664105	9433	425946185728.000000
281474976710655.000000	4.707291	9434	425947299840.000000
281474976710655.000000	4.629447	9435	425948282880.000000
281474976710655.000000	4.640671	9436	425949396992.000000
281474976710655.000000	4.737495	9437	425950380032.000000
281474976710655.000000	4.673555	9438	425951461376.000000
281474976710655.000000	4.673973	9439	425952444416.000000
281474976710655.000000	4.545318	9440	425953558528.000000
281474976710655.000000	4.662606	9441	425954541568.000000
281474976710655.000000	4.623038	9442	425955655680.000000
281474976710655.000000	4.636214	9443	425956605952.000000
281474976710655.000000	4.657361	9444	425957720064.000000
281474976710655.000000	4.602319	9445	425958703104.000000
281474976710655.000000	4.744609	9446	425959817216.000000
281474976710655.000000	4.553129	9447	425960800256.000000
281474976710655.000000	4.812105	9448	425961881600.000000
281474976710655.000000	4.606998	9449	425962864640.000000
281474976710655.000000	4.794231	9450	425963978752.000000
281474976710655.000000	4.535358	9451	425964961792.000000
281474976710655.000000	4.831265	9452	425966043136.000000
281474976710655.000000	4.678039	9453	425967058944.000000
281474976710655.000000	4.733151	9454	425968107520.000000
281474976710655.000000	4.773187	9455	425969156096.000000
281474976710655.000000	4.689388	9456	425970204672.000000
281474976710655.000000	4.893089	9457	425971220480.000000
281474976710655.000000	4.611746	9458	425972301824.000000
281474976710655.000000	4.928187	9459	425973317632.000000
281474976710655.000000	4.592528	9460	425974398976.000000
281474976710655.000000	4.927908	9461	425975382016.000000
281474976710655.000000	4.538505	9462	425976463360.000000
281474976710655.000000	4.916293	9463	425977479168.000000
281474976710655.000000	4.603176	9464	425978560512.000000
281474976710655.000000	4.856266	9465	425979543552.000000
281474976710655.000000	4.596709	9466	425980657664.000000
281474976710655.000000	4.889503	9467	425981640704.000000
281474976710655.000000	4.613110	9468	425982722048.000000
281474976710655.000000	4.815977	9469	425983705088.000000
281474976710655.000000	4.657678	9470	425984819200.000000
281474976710655.000000	4.822369	9471	425985802240.000000
281474976710655.000000	4.725113	9472	425986916352.000000
281474976710655.000000	4.890220	9473	425987899392.000000
281474976710655.000000	4.650917	9474	425988980736.000000
281474976710655.000000	4.800341	9475	425989963776.000000
281474976710655.000000	4.662200	9476	425991077888.000000
281474976710655.000000	4.930473	9477	425992060928.000000
281474976710655.000000	4.722466	9478	425993142272.000000
281474976710655.000000	4.858045	9479	425994125312.000000
281474976710655.000000	4.617985	9480	425995239424.000000
281474976710655.000000	4.835466	9481	425996222464.000000
281474976710655.000000	4.687288	9482	425997336576.000000
281474976710655.000000	4.905279	9483	425998319616.000000
281474976710655.000000	4.623157	9484	425999400960.000000
281474976710655.000000	4.911367	9485	426000384000.000000
281474976710655.000000	4.697964	9486	426001498112.000000
281474976710655.000000	4.910592	9487	426002481152.000000
281474976710655.000000	4.654532	9488	426003562496.000000
281474976710655.000000	4.935582	9489	426004578304.000000
281474976710655.000000	4.808625	9490	426005659648.000000
281474976710655.000000	4.949665	9491	426006675456.000000
281474976710655.000000	4.802487	9492	426007724032.000000
281474976710655.000000	4.972895	9493	426008739840.000000
281474976710655.000000	4.804018	9494	426009821184.000000
281474976710655.000000	4.742816	9495	426010836992.000000
281474976710655.000000	4.883504	9496	426011885568.000000
281474976710655.000000	4.842058	9497	426012934144.000000
281474976710655.000000	4.874912	9498	426013982720.000000
281474976710655.000000	4.837264	9499	426014998528.000000
281474976710655.000000	4.925435	9500	426016079872.000000
281474976710655.000000	4.842613	9501	426017062912.000000
281474976710655.000000	4.968957	9502	426018144256.000000
281474976710655.000000	4.862020	9503	426019160064.000000
281474976710655.000000	4.952491	9504	426020241408.000000
281474976710655.000000	4.860898	9505	426021224448.000000
281474976710655.000000	4.938479	9506	426022338560.000000
281474976710655.000000	4.859658	9507	426023321600.000000
281474976710655.000000	4.919891	9508	426024402944.000000
281474976710655.000000	4.895445	9509	426025385984.000000
281474976710655.000000	4.855779	9510	426026500096.000000
281474976710655.000000	4.831752	9511	426027483136.000000
281474976710655.000000	4.886514	9512	426028597248.000000
281474976710655.000000	4.848664	9513	426029580288.000000
281474976710655.000000	4.943317	9514	426030661632.000000
281474976710655.000000	4.852526	9515	426031644672.000000
281474976710655.000000	4.997373	9516	426032758784.000000
281474976710655.000000	4.795702	9517	426033741824.000000
281474976710655.000000	4.979445	9518	426034823168.000000
281474976710655.000000	4.778175	9519	426035838976.000000
281474976710655.000000	4.991155	9520	426036920320.000000
281474976710655.000000	4.817120	9521	426037936128.000000
281474976710655.000000	4.976950	9522	426038984704.000000
281474976710655.000000	4.877775	9523	426040000512.000000
281474976710655.000000	4.926850	9524	426041081856.000000
281474976710655.000000	4.951942	9525	426042097664.000000
281474976710655.000000	4.901837	9526	426043146240.000000
281474976710655.000000	5.072804	9527	426044194816.000000
281474976710655.000000	4.809249	9528	426045243392.000000
281474976710655.000000	5.065122	9529	426046259200.000000
281474976710655.000000	4.836077	9530	426047340544.000000
281474976710655.000000	5.064447	9531	426048356352.000000
281474976710655.000000	4.751124	9532	426049404928.000000
281474976710655.000000	5.096328	9533	426050420736.000000
281474976710655.000000	4.715729	9534	426051502080.000000
281474976710655.000000	5.044478	9535	426052517888.000000
281474976710655.000000	4.753042	9536	426053599232.000000
281474976710655.000000	5.025879	9537	426054582272.000000
281474976710655.000000	4.765378	9538	426055663616.000000
281474976710655.000000	4.911011	9539	426056679424.000000
281474976710655.000000	4.803353	9540	426057760768.000000
281474976710655.000000	5.028354	9541	426058743808.000000
281474976710655.000000	4.745167	9542	426059857920.000000
281474976710655.000000	5.010767	9543	426060840960.000000
281474976710655.000000	4.803491	9544	426061922304.000000
281474976710655.000000	4.959489	9545	426062938112.000000
281474976710655.000000	4.855906	9546	426064019456.000000
281474976710655.000000	4.978833	9547	426065002496.000000
281474976710655.000000	4.807994	9548	426066083840.000000
281474976710655.000000	5.037217	9549	426067099648.000000
281474976710655.000000	4.965777	9550	426068180992.000000
281474976710655.000000	5.028296	9551	426069196800.000000
281474976710655.000000	4.963102	9552	426070245376.000000
281474976710655.000000	5.008634	9553	426071261184.000000
281474976710655.000000	4.990951	9554	426072342528.000000
281474976710655.000000	4.979094	9555	426073358336.000000
281474976710655.000000	4.932720	9556	426074406912.000000
281474976710655.000000	4.966202	9557	426075455488.000000
281474976710655.000000	4.994328	9558	426076504064.000000
281474976710655.000000	4.938306	9559	426077519872.000000
281474976710655.000000	5.023582	9560	426078601216.000000
281474976710655.000000	4.970328	9561	426079584256.000000
281474976710655.000000	5.040131	9562	426080698368.000000
281474976710655.000000	4.948001	9563	426081681408.000000
281474976710655.000000	5.038652	9564	426082762752.000000
281474976710655.000000	5.026917	9565	426083745792.000000
281474976710655.000000	5.085973	9566	426084859904.000000
281474976710655.000000	4.973412	9567	426085842944.000000
281474976710655.000000	5.055541	9568	426086957056.000000
281474976710655.000000	5.000900	9569	426087940096.000000
281474976710655.000000	5.136266	9570	426089021440.000000
281474976710655.000000	5.045026	9571	426090004480.000000
281474976710655.000000	5.136610	9572	426091118592.000000
281474976710655.000000	5.007712	9573	426092101632.000000
281474976710655.000000	5.098536	9574	426093182976.000000
281474976710655.000000	4.958313	9575	426094198784.000000
281474976710655.000000	5.116858	9576	426095280128.000000
281474976710655.000000	4.957697	9577	426096263168.000000
281474976710655.000000	5.153034	9578	426097344512.000000
281474976710655.000000	4.998905	9579	426098360320.000000
281474976710655.000000	5.086725	9580	426099441664.000000
281474976710655.000000	5.049164	9581	426100457472.000000
281474976710655.000000	5.064670	9582	426101506048.000000
281474976710655.000000	5.147415	9583	426102554624.000000
281474976710655.000000	5.074595	9584	426103603200.000000
281474976710655.000000	5.166989	9585	426104619008.000000
281474976710655.000000	5.031344	9586	426105667584.000000
281474976710655.000000	5.201260	9587	426106716160.000000
281474976710655.000000	5.011741	9588	426107764736.000000
