crossing time (s)	slope (V/s)	crossing number
281474976710655.000000	2.152303	4582	5047863808.000000
281474976710655.000000	1.736417	4583	5048871936.000000
281474976710655.000000	1.946754	4584	5049955328.000000
281474976710655.000000	1.289699	4585	5050961920.000000
281474976710655.000000	2.574661	4586	5052042752.000000
281474976710655.000000	1.754394	4587	5053060608.000000
281474976710655.000000	2.715393	4588	5054111744.000000
281474976710655.000000	1.869522	4589	5055131136.000000
281474976710655.000000	2.491695	4590	5056195584.000000
281474976710655.000000	1.943245	4591	5057218560.000000
281474976710655.000000	2.557859	4592	5058278400.000000
281474976710655.000000	1.743953	4593	5059309056.000000
281474976710655.000000	2.842925	4594	5060357632.000000
281474976710655.000000	1.798078	4595	5061378560.000000
281474976710655.000000	2.447870	4596	5062445056.000000
281474976710655.000000	1.835848	4597	5063472128.000000
281474976710655.000000	2.931467	4598	5064527360.000000
281474976710655.000000	2.083711	4599	5065553408.000000
281474976710655.000000	3.007375	4600	5066605056.000000
281474976710655.000000	1.942765	4601	5067627008.000000
281474976710655.000000	2.268101	4602	5068689920.000000
281474976710655.000000	1.752885	4603	5069725184.000000
281474976710655.000000	2.986146	4604	5070779904.000000
281474976710655.000000	2.273789	4605	5071808512.000000
281474976710655.000000	3.372490	4606	5072856576.000000
281474976710655.000000	2.521171	4607	5073880064.000000
281474976710655.000000	2.525719	4608	5074933248.000000
281474976710655.000000	1.716635	4609	5075952128.000000
281474976710655.000000	2.606739	4610	5077028352.000000
281474976710655.000000	2.042134	4611	5078055424.000000
281474976710655.000000	3.247491	4612	5079104512.000000
281474976710655.000000	2.603213	4613	5080136192.000000
281474976710655.000000	3.410448	4614	5081183232.000000
281474976710655.000000	2.291969	4615	5082210304.000000
281474976710655.000000	2.827790	4616	5083273728.000000
281474976710655.000000	2.100368	4617	5084301824.000000
281474976710655.000000	3.093477	4618	5085355520.000000
281474976710655.000000	2.216641	4619	5086376448.000000
281474976710655.000000	3.089611	4620	5087438336.000000
281474976710655.000000	2.200353	4621	5088466432.000000
281474976710655.000000	3.433828	4622	5089522688.000000
281474976710655.000000	2.483122	4623	5090547200.000000
281474976710655.000000	3.420902	4624	5091602944.000000
281474976710655.000000	2.745739	4625	5092625408.000000
281474976710655.000000	2.870109	4626	5093688832.000000
281474976710655.000000	2.048542	4627	5094710784.000000
281474976710655.000000	3.404475	4628	5095776256.000000
281474976710655.000000	2.444406	4629	5096800256.000000
281474976710655.000000	3.741292	4630	5097856512.000000
281474976710655.000000	3.006239	4631	5098873344.000000
281474976710655.000000	3.181198	4632	5099937280.000000
281474976710655.000000	2.378217	4633	5100954624.000000
281474976710655.000000	3.115378	4634	5102024192.000000
281474976710655.000000	2.207336	4635	5103049216.000000
281474976710655.000000	3.681489	4636	5104105984.000000
281474976710655.000000	3.046771	4637	5105125376.000000
281474976710655.000000	3.595049	4638	5106186752.000000
281474976710655.000000	2.932565	4639	5107200512.000000
281474976710655.000000	3.145256	4640	5108268544.000000
281474976710655.000000	2.396051	4641	5109290496.000000
281474976710655.000000	3.549383	4642	5110354944.000000
281474976710655.000000	2.732152	4643	5111375872.000000
281474976710655.000000	3.895820	4644	5112435712.000000
281474976710655.000000	3.148595	4645	5113454592.000000
281474976710655.000000	3.577908	4646	5114517504.000000
281474976710655.000000	2.722242	4647	5115537408.000000
281474976710655.000000	3.446542	4648	5116601856.000000
281474976710655.000000	2.626129	4649	5117622784.000000
281474976710655.000000	3.910599	4650	5118686720.000000
281474976710655.000000	3.164715	4651	5119707136.000000
281474976710655.000000	3.968196	4652	5120766976.000000
281474976710655.000000	3.133773	4653	5121785856.000000
281474976710655.000000	3.497682	4654	5122850304.000000
281474976710655.000000	2.698200	4655	5123871744.000000
281474976710655.000000	3.811133	4656	5124935680.000000
281474976710655.000000	3.202459	4657	5125952512.000000
281474976710655.000000	4.079818	4658	5127015936.000000
281474976710655.000000	3.404142	4659	5128035840.000000
281474976710655.000000	3.705162	4660	5129099264.000000
281474976710655.000000	2.780324	4661	5130119168.000000
281474976710655.000000	3.741751	4662	5131185152.000000
281474976710655.000000	3.011557	4663	5132207616.000000
281474976710655.000000	4.312675	4664	5133264384.000000
281474976710655.000000	3.562484	4665	5134288384.000000
281474976710655.000000	3.884482	4666	5135347200.000000
281474976710655.000000	3.111702	4667	5136365568.000000
281474976710655.000000	3.745500	4668	5137431552.000000
281474976710655.000000	2.875199	4669	5138454528.000000
281474976710655.000000	4.312919	4670	5139513344.000000
281474976710655.000000	3.506280	4671	5140537856.000000
281474976710655.000000	4.273325	4672	5141595648.000000
281474976710655.000000	3.490881	4673	5142616576.000000
281474976710655.000000	4.022708	4674	5143677952.000000
281474976710655.000000	3.018763	4675	5144706048.000000
281474976710655.000000	4.452202	4676	5145760768.000000
281474976710655.000000	3.457956	4677	5146788352.000000
281474976710655.000000	4.530994	4678	5147841536.000000
281474976710655.000000	3.512220	4679	5148868096.000000
281474976710655.000000	4.234446	4680	5149925376.000000
281474976710655.000000	3.264860	4681	5150952960.000000
281474976710655.000000	4.514740	4682	5152007168.000000
281474976710655.000000	3.705286	4683	5153037312.000000
281474976710655.000000	4.353680	4684	5154089472.000000
281474976710655.000000	3.491400	4685	5155119616.000000
281474976710655.000000	4.343091	4686	5156171776.000000
281474976710655.000000	3.557010	4687	5157206016.000000
281474976710655.000000	4.564126	4688	5158256128.000000
281474976710655.000000	3.859429	4689	5159286784.000000
281474976710655.000000	4.641609	4690	5160337920.000000
281474976710655.000000	3.665098	4691	5161368576.000000
281474976710655.000000	4.548054	4692	5162421760.000000
281474976710655.000000	3.601168	4693	5163453952.000000
281474976710655.000000	4.528465	4694	5164505088.000000
281474976710655.000000	3.926503	4695	5165537792.000000
281474976710655.000000	4.861815	4696	5166587392.000000
281474976710655.000000	3.866521	4697	5167618560.000000
281474976710655.000000	4.629663	4698	5168669696.000000
281474976710655.000000	3.768555	4699	5169700352.000000
281474976710655.000000	4.606920	4700	5170754048.000000
281474976710655.000000	3.845621	4701	5171786240.000000
281474976710655.000000	4.947551	4702	5172836352.000000
281474976710655.000000	4.030764	4703	5173868032.000000
281474976710655.000000	4.845594	4704	5174916608.000000
281474976710655.000000	3.972343	4705	5175949824.000000
281474976710655.000000	4.910017	4706	5177001984.000000
281474976710655.000000	3.968505	4707	5178033152.000000
281474976710655.000000	4.723641	4708	5179085824.000000
281474976710655.000000	3.944288	4709	5180115968.000000
281474976710655.000000	4.891083	4710	5181169664.000000
281474976710655.000000	4.024077	4711	5182197760.000000
281474976710655.000000	5.033800	4712	5183251968.000000
281474976710655.000000	4.196760	4713	5184279552.000000
281474976710655.000000	5.019586	4714	5185335296.000000
281474976710655.000000	3.958215	4715	5186362880.000000
281474976710655.000000	4.940507	4716	5187418624.000000
281474976710655.000000	4.038181	4717	5188447232.000000
281474976710655.000000	4.971082	4718	5189501952.000000
281474976710655.000000	4.445968	4719	5190528000.000000
281474976710655.000000	5.246561	4720	5191584768.000000
281474976710655.000000	4.110802	4721	5192610816.000000
281474976710655.000000	4.912216	4722	5193668608.000000
281474976710655.000000	4.064662	4723	5194694656.000000
281474976710655.000000	4.956181	4724	5195751424.000000
281474976710655.000000	4.379890	4725	5196776448.000000
281474976710655.000000	5.409766	4726	5197834752.000000
281474976710655.000000	4.442413	4727	5198859264.000000
281474976710655.000000	5.121613	4728	5199917056.000000
281474976710655.000000	4.270339	4729	5200942592.000000
281474976710655.000000	5.283554	4730	5202000384.000000
281474976710655.000000	4.384698	4731	5203025920.000000
281474976710655.000000	5.600739	4732	5204083712.000000
281474976710655.000000	4.573055	4733	5205108224.000000
281474976710655.000000	5.187315	4734	5206166528.000000
281474976710655.000000	4.480995	4735	5207191552.000000
281474976710655.000000	5.409786	4736	5208249856.000000
281474976710655.000000	4.392109	4737	5209274368.000000
281474976710655.000000	5.573487	4738	5210332672.000000
281474976710655.000000	4.751938	4739	5211358720.000000
281474976710655.000000	5.594467	4740	5212415488.000000
281474976710655.000000	4.747396	4741	5213440000.000000
281474976710655.000000	5.465731	4742	5214497280.000000
281474976710655.000000	4.564617	4743	5215524352.000000
281474976710655.000000	5.436159	4744	5216581632.000000
281474976710655.000000	4.751699	4745	5217607168.000000
281474976710655.000000	5.620781	4746	5218663936.000000
281474976710655.000000	4.736603	4747	5219688448.000000
281474976710655.000000	5.474945	4748	5220746752.000000
281474976710655.000000	4.739213	4749	5221772800.000000
281474976710655.000000	5.764138	4750	5222829568.000000
281474976710655.000000	4.783052	4751	5223857664.000000
281474976710655.000000	5.604846	4752	5224912384.000000
281474976710655.000000	4.933330	4753	5225940480.000000
281474976710655.000000	5.753301	4754	5226994688.000000
281474976710655.000000	4.726020	4755	5228022784.000000
281474976710655.000000	5.747426	4756	5229076992.000000
281474976710655.000000	4.894177	4757	5230107136.000000
281474976710655.000000	5.874861	4758	5231160320.000000
281474976710655.000000	5.084289	4759	5232188928.000000
281474976710655.000000	5.753786	4760	5233242112.000000
281474976710655.000000	4.906481	4761	5234272768.000000
281474976710655.000000	5.977613	4762	5235323392.000000
281474976710655.000000	5.020844	4763	5236355072.000000
281474976710655.000000	5.956469	4764	5237406208.000000
281474976710655.000000	5.078978	4765	5238438912.000000
281474976710655.000000	5.900175	4766	5239489024.000000
281474976710655.000000	5.075088	4767	5240523264.000000
281474976710655.000000	5.976502	4768	5241572352.000000
281474976710655.000000	5.146179	4769	5242605056.000000
281474976710655.000000	6.078505	4770	5243655168.000000
281474976710655.000000	5.042857	4771	5244687360.000000
281474976710655.000000	6.297457	4772	5245737984.000000
281474976710655.000000	5.229294	4773	5246771712.000000
281474976710655.000000	5.998216	4774	5247820288.000000
281474976710655.000000	5.356456	4775	5248855552.000000
281474976710655.000000	6.227511	4776	5249903616.000000
281474976710655.000000	5.392815	4777	5250938368.000000
281474976710655.000000	6.266346	4778	5251985920.000000
281474976710655.000000	5.337192	4779	5253021184.000000
281474976710655.000000	6.107572	4780	5254069248.000000
281474976710655.000000	5.531188	4781	5255104000.000000
281474976710655.000000	6.134864	4782	5256151552.000000
281474976710655.000000	5.718561	4783	5257187328.000000
281474976710655.000000	6.450935	4784	5258235392.000000
281474976710655.000000	5.726281	4785	5259267584.000000
281474976710655.000000	6.272262	4786	5260318720.000000
281474976710655.000000	5.419419	4787	5261350400.000000
281474976710655.000000	6.252457	4788	5262401024.000000
281474976710655.000000	5.725668	4789	5263434752.000000
281474976710655.000000	6.418705	4790	5264484864.000000
281474976710655.000000	5.593764	4791	5265516544.000000
281474976710655.000000	6.641883	4792	5266568704.000000
281474976710655.000000	5.544146	4793	5267599360.000000
281474976710655.000000	6.339086	4794	5268650496.000000
281474976710655.000000	5.697084	4795	5269682176.000000
281474976710655.000000	6.489810	4796	5270734848.000000
281474976710655.000000	5.749073	4797	5271764992.000000
281474976710655.000000	6.669843	4798	5272817664.000000
281474976710655.000000	5.790471	4799	5273846272.000000
281474976710655.000000	6.425170	4800	5274900480.000000
281474976710655.000000	6.015829	4801	5275931136.000000
281474976710655.000000	6.385743	4802	5276983808.000000
281474976710655.000000	5.900164	4803	5278012928.000000
281474976710655.000000	6.606224	4804	5279067136.000000
281474976710655.000000	6.016412	4805	5280095232.000000
281474976710655.000000	6.647560	4806	5281149952.000000
281474976710655.000000	5.928439	4807	5282178560.000000
281474976710655.000000	6.599573	4808	5283234304.000000
281474976710655.000000	6.077216	4809	5284260864.000000
281474976710655.000000	6.867094	4810	5285316608.000000
281474976710655.000000	6.122997	4811	5286344192.000000
281474976710655.000000	6.729647	4812	5287399424.000000
281474976710655.000000	6.031077	4813	5288428544.000000
281474976710655.000000	6.877009	4814	5289481216.000000
281474976710655.000000	6.023368	4815	5290511872.000000
281474976710655.000000	6.808284	4816	5291564032.000000
281474976710655.000000	6.140906	4817	5292594176.000000
281474976710655.000000	6.912424	4818	5293646848.000000
281474976710655.000000	6.251143	4819	5294676480.000000
281474976710655.000000	6.969011	4820	5295729664.000000
281474976710655.000000	6.118473	4821	5296758784.000000
281474976710655.000000	6.943066	4822	5297812992.000000
281474976710655.000000	6.048191	4823	5298843136.000000
281474976710655.000000	7.079678	4824	5299895808.000000
281474976710655.000000	6.365269	4825	5300926976.000000
281474976710655.000000	7.167120	4826	5301977600.000000
281474976710655.000000	6.534030	4827	5303009792.000000
281474976710655.000000	7.324907	4828	5304060928.000000
281474976710655.000000	6.398465	4829	5305092608.000000
281474976710655.000000	7.318837	4830	5306143744.000000
281474976710655.000000	6.244312	4831	5307175936.000000
281474976710655.000000	7.228359	4832	5308226560.000000
281474976710655.000000	6.556897	4833	5309258240.000000
281474976710655.000000	7.355937	4834	5310308864.000000
281474976710655.000000	6.338101	4835	5311342592.000000
281474976710655.000000	6.848186	4836	5312392192.000000
281474976710655.000000	6.413983	4837	5313425920.000000
281474976710655.000000	7.286108	4838	5314473472.000000
281474976710655.000000	6.588818	4839	5315509248.000000
281474976710655.000000	7.362605	4840	5316557312.000000
281474976710655.000000	6.733361	4841	5317591552.000000
281474976710655.000000	7.584005	4842	5318640128.000000
281474976710655.000000	6.774939	4843	5319674368.000000
281474976710655.000000	7.464647	4844	5320721920.000000
281474976710655.000000	6.536153	4845	5321759232.000000
281474976710655.000000	7.378526	4846	5322804224.000000
281474976710655.000000	6.761729	4847	5323840512.000000
281474976710655.000000	7.319300	4848	5324888576.000000
281474976710655.000000	6.770960	4849	5325923840.000000
281474976710655.000000	7.600637	4850	5326974976.000000
281474976710655.000000	7.104229	4851	5328008704.000000
281474976710655.000000	7.319586	4852	5329053184.000000
281474976710655.000000	7.085566	4853	5330091008.000000
281474976710655.000000	7.471927	4854	5331135488.000000
281474976710655.000000	6.718418	4855	5332173824.000000
281474976710655.000000	7.308376	4856	5333218816.000000
281474976710655.000000	6.880226	4857	5334257664.000000
281474976710655.000000	7.727026	4858	5335301120.000000
281474976710655.000000	7.260763	4859	5336337920.000000
281474976710655.000000	7.492630	4860	5337383424.000000
281474976710655.000000	6.932532	4861	5338421760.000000
281474976710655.000000	7.974196	4862	5339466752.000000
281474976710655.000000	6.997118	4863	5340505088.000000
281474976710655.000000	7.554847	4864	5341550592.000000
281474976710655.000000	7.028164	4865	5342588928.000000
281474976710655.000000	7.746455	4866	5343633920.000000
281474976710655.000000	7.017615	4867	5344671232.000000
281474976710655.000000	8.120255	4868	5345716736.000000
281474976710655.000000	6.929633	4869	5346754560.000000
281474976710655.000000	7.978008	4870	5347799040.000000
281474976710655.000000	7.098939	4871	5348836864.000000
281474976710655.000000	7.573951	4872	5349882368.000000
281474976710655.000000	7.194937	4873	5350919168.000000
281474976710655.000000	8.307858	4874	5351964160.000000
