num crossings	time (s)	maj axis (mm)	min axis (mm)	theta (rad )	slope (V/s)
7813	8441.039985	41.583168	-18.012897	-0.197337	2.965670
7815	8443.125039	41.476735	-17.656645	-0.185666	2.863935
7817	8445.205942	41.561300	-17.424971	-0.175267	3.063043
7819	8447.274295	41.457883	-17.763033	-0.178672	2.854503
7821	8449.375801	41.283061	-17.327287	-0.179759	3.581710
7823	8451.450264	42.289124	-18.257272	-0.200039	2.811364
7825	8453.533861	41.355655	-17.350028	-0.192961	2.959699
7827	8455.627663	41.933219	-17.872361	-0.224052	3.630833
7829	8457.707481	41.924393	-18.450705	-0.237344	2.863227
7831	8459.783984	41.338931	-17.121210	-0.199988	2.894483
7833	8461.871735	41.572811	-17.536203	-0.221691	3.330980
7835	8463.955906	41.053880	-17.233481	-0.207275	3.513244
7837	8466.046923	41.671751	-17.615221	-0.239547	2.979598
7839	8468.126142	41.592446	-16.890605	-0.217091	3.151843
7841	8470.214495	42.242237	-17.657279	-0.253269	2.882329
7843	8472.302260	43.450226	17.011033	-0.343622	3.320781
7845	8474.379255	41.965074	-17.314176	-0.246108	2.940224
7847	8476.466720	41.858178	-17.232388	-0.254291	3.467748
7849	8478.548458	41.764118	-17.177844	-0.255390	3.357876
7851	8480.632237	41.886498	-17.165957	-0.256654	3.352395
7853	8482.718815	42.300542	-16.764068	-0.251433	3.398680
7855	8484.805298	41.961534	-17.138415	-0.263216	3.266137
7857	8486.885578	41.998906	-17.101598	-0.271320	3.221361
7859	8488.969095	42.389182	-17.237273	-0.288493	3.449331
7861	8491.051168	42.131469	-16.849246	-0.281505	3.346820
7863	8493.136588	42.549241	-17.183855	-0.303625	3.535891
7865	8495.217728	42.354320	-17.690611	-0.310703	3.286140
7867	8497.304193	44.078662	17.024921	-0.387610	3.331178
7869	8499.386481	42.229388	-16.685776	-0.294929	3.551278
7871	8501.475638	42.647377	-16.991705	-0.318110	3.233433
7873	8503.561858	42.132936	-16.749942	-0.308752	3.435885
7875	8505.643196	42.738592	-16.830681	-0.327590	3.464842
7877	8507.724928	42.456199	-16.627024	-0.315758	3.165703
7879	8509.808939	42.614045	-16.644412	-0.317449	3.254467
7881	8511.887114	42.794405	-16.867427	-0.334003	3.325774
7883	8513.977183	42.755761	-17.459930	-0.349222	3.343385
7885	8516.055376	42.823882	-17.308508	-0.352881	3.370366
7887	8518.145940	42.444419	-16.349335	-0.334239	3.485396
7889	8520.231660	42.411806	-16.480270	-0.339406	3.558980
7891	8522.316912	42.862649	-16.476225	-0.356441	3.494536
7893	8524.393513	43.042269	-16.854608	-0.369151	3.411368
7895	8526.480784	45.039320	16.017050	-0.436011	3.413036
7897	8528.559197	42.834754	-16.207291	-0.349619	3.370341
7899	8530.643553	42.904623	-16.208872	-0.355002	3.291785
7901	8532.727516	43.435921	-16.330359	-0.375822	3.339542
7903	8534.812638	42.352331	-15.331984	-0.336991	3.629684
7905	8536.899741	43.441278	-16.054021	-0.372152	3.154861
7907	8538.983253	42.923852	-16.024543	-0.372347	3.564377
7909	8541.071173	43.415651	-16.196260	-0.393677	3.215911
7911	8543.155459	43.005643	-15.781461	-0.381080	3.526200
7913	8545.236697	43.122985	-15.796794	-0.381548	3.413696
7915	8547.318385	42.687647	-15.606574	-0.379375	3.687964
7917	8549.398816	43.114844	-15.701439	-0.387490	3.353506
7919	8551.482516	43.429147	-15.911478	-0.414479	3.735975
7921	8553.566503	43.062701	-15.747231	-0.404138	3.538619
7923	8555.646376	43.127132	-15.631249	-0.405692	3.529093
7925	8557.738109	43.186460	-15.656655	-0.406574	3.552794
7927	8559.824473	43.325521	-15.586043	-0.409719	3.622334
7929	8561.911119	44.220535	-16.439307	-0.415598	3.655775
7931	8563.992694	42.979138	-15.139544	-0.407449	3.936328
7933	8566.076040	43.728509	-15.624982	-0.435500	3.629608
7935	8568.157743	43.296338	-15.100087	-0.416955	3.706667
7937	8570.242293	43.540482	-15.363460	-0.432812	3.753106
7939	8572.326210	43.397805	-15.313551	-0.434192	3.726832
7941	8574.411069	44.069641	-15.349213	-0.453617	3.732770
7943	8576.495436	43.411252	-15.220326	-0.445214	3.603092
7945	8578.580987	43.809009	-15.299068	-0.449870	3.874742
7947	8580.661183	43.443644	-15.129437	-0.448178	3.890908
7949	8582.743021	44.095514	-15.189387	-0.459817	3.659608
7951	8584.821558	43.778036	-15.060418	-0.453443	3.715111
7953	8586.905510	43.751081	-15.013504	-0.456806	3.986782
7955	8588.989930	44.302588	-14.917075	-0.467298	3.786642
7957	8591.071994	43.741560	-14.861608	-0.463898	3.821563
7959	8593.156798	43.712509	-14.843308	-0.469109	3.898070
7961	8595.243639	43.770664	-14.822755	-0.472728	3.798705
7963	8597.327982	43.755494	-14.799923	-0.476289	3.863580
7965	8599.414523	43.768075	-14.727217	-0.482309	3.918289
7967	8601.498387	44.047648	-14.766520	-0.488902	3.839838
7969	8603.579788	44.441149	-14.727169	-0.493357	3.910667
7971	8605.664600	44.107632	-14.517591	-0.491447	3.969922
7973	8607.743181	44.410984	-14.581150	-0.503857	3.845174
7975	8609.830013	44.099440	-14.738111	-0.505060	3.940274
7977	8611.915120	46.829969	13.737698	-0.573253	3.878524
7979	8613.999816	43.990210	-14.289088	-0.506334	3.922394
7981	8616.084500	44.148727	-14.291880	-0.508352	4.068892
7983	8618.168722	47.213110	-15.368200	-0.512630	3.804539
7985	8620.249208	44.051214	-14.071025	-0.511268	3.867469
7987	8622.331546	44.243587	-14.166763	-0.516304	3.397453
7989	8624.413036	44.305981	-14.139604	-0.522786	3.974152
7991	8626.496198	44.397219	-14.054561	-0.528329	3.737620
7993	8628.575112	45.273752	-15.124125	-0.521756	4.007767
7995	8630.658845	44.776365	-14.016145	-0.534017	3.983464
7997	8632.743452	44.268977	-14.002076	-0.538407	3.921038
7999	8634.825996	44.491176	-13.969971	-0.546597	4.027241
8001	8636.911366	48.160711	13.308386	-0.601558	4.089256
8003	8638.996704	45.172733	-13.424812	-0.533738	3.899476
8005	8641.080397	44.500288	-13.652921	-0.544447	3.876484
8007	8643.166760	45.849267	-14.851193	-0.543306	3.994584
8009	8645.249500	44.671440	-13.807955	-0.561129	4.039376
8011	8647.332930	44.813538	-13.740415	-0.567035	4.212508
8013	8649.416001	44.538230	-13.367738	-0.559637	4.025748
8015	8651.499939	44.670848	-13.385698	-0.562001	4.196186
8017	8653.583665	44.855899	-13.488713	-0.572193	4.243395
8019	8655.666834	44.707500	-13.247493	-0.568191	4.060638
8021	8657.746906	44.931715	-13.254314	-0.570491	4.105869
8023	8659.830400	44.628165	-13.205616	-0.573041	4.183096
8025	8661.912158	45.042265	-13.217467	-0.582554	4.245022
8027	8663.990563	44.741070	-13.034991	-0.577444	4.098127
8029	8666.073788	44.688905	-12.798378	-0.575450	4.258132
8031	8668.157018	44.875395	-12.924274	-0.581215	4.209676
8033	8670.241428	45.099010	-12.782622	-0.585929	4.098145
8035	8672.326350	44.882620	-12.804686	-0.586788	4.324401
8037	8674.408105	44.988817	-12.603121	-0.586171	4.208480
8039	8676.494905	44.984298	-12.513327	-0.588446	4.095033
8041	8678.579374	44.752435	-12.627659	-0.593512	4.204908
8043	8680.664678	44.987197	-12.506693	-0.597991	4.457622
8045	8682.748001	44.806111	-12.595647	-0.605121	4.262181
8047	8684.834122	44.815028	-12.515576	-0.608379	4.347713
8049	8686.918462	45.251828	-12.484526	-0.611130	4.298572
8051	8688.999656	45.069759	-12.382101	-0.612860	4.210923
8053	8691.082645	45.277932	-12.394435	-0.620657	4.134971
8055	8693.167858	44.144690	-12.043706	-0.603179	4.250666
8057	8695.251780	45.970770	-13.123641	-0.617464	4.377255
8059	8697.334254	45.242434	-12.351901	-0.631027	4.422588
8061	8699.416636	48.499255	11.679601	-0.673000	4.410773
8063	8701.500609	45.005246	-11.916129	-0.622982	4.350540
8065	8703.582753	45.153420	-11.753992	-0.622370	4.925161
8067	8705.662813	45.325539	-11.993867	-0.634821	4.453855
8069	8707.745946	45.550899	-11.658876	-0.630206	4.375748
8071	8709.828688	45.374225	-11.646078	-0.631518	4.538292
8073	8711.910005	45.474665	-11.739539	-0.642020	4.375566
8075	8713.992874	45.467783	-11.715914	-0.645959	4.422236
8077	8716.075463	45.510302	-11.650050	-0.647853	4.377752
8079	8718.159553	45.429304	-11.628769	-0.651532	4.449100
8081	8720.242853	45.941850	-11.596263	-0.660091	4.506262
8083	8722.324114	45.615622	-11.745468	-0.661123	4.247744
8085	8724.409145	45.039680	-11.175770	-0.645899	4.261315
8087	8726.491512	45.813773	-11.365678	-0.656832	4.564043
8089	8728.575771	46.143377	-11.271907	-0.666689	4.413122
8091	8730.656510	45.615305	-11.248911	-0.661952	4.478682
8093	8732.743624	45.668393	-11.154111	-0.663324	4.544782
8095	8734.827308	45.903935	-11.227901	-0.673106	4.562936
8097	8736.910449	45.642107	-10.977411	-0.671167	4.627287
8099	8738.991586	45.832772	-11.049228	-0.676649	4.561228
8101	8741.075267	45.691829	-10.906881	-0.675631	4.510469
8103	8743.158644	45.690159	-10.974622	-0.682022	4.595295
8105	8745.239776	45.716072	-10.787905	-0.679052	4.547018
